Instituição;Código;Conglomerado Financeiro;Conglomerado Financeiro;Conglomerado Prudencial;TCB;TC;TI;Cidade;UF;Data;Resultado de Intermediação Financeira;;;;;;;;;;;;;;Outras Receitas/Despesas Operacionais;;;;;;;;;Resultado Operacional (e) = (c) + (d);Resultado Não Operacional (f);Resultado antes da Tributação, Lucro e Participação (g) = (e) + (f);Imposto de Renda e Contribuição Social (h);Participação nos Lucros (i);Lucro Líquido (j) = (g) + (h) + (i);Juros Sobre Capital Próprio (k);
;;;;;;;;;;;Receitas de Intermediação Financeira;;;;;;;Despesas de Intermediação Financeira;;;;;;Resultado de Intermediação Financeira (c) = (a) + (b);Rendas de Prestação de Serviços (d1);Rendas de Tarifas Bancárias (d2);Despesas de Pessoal (d3);Despesas Administrativas (d4);Despesas Tributárias (d5);Resultado de Participações (d6);Outras Receitas Operacionais (d7);Outras Despesas Operacionais (d8);Outras Receitas/Despesas  Operacionais (d) = (d1) + (d2) + (d3) + (d4) + (d5) + (d6) + (d7) + (d8);;;;;;;;
;;;;;;;;;;;Rendas de Operações de Crédito (a1);Rendas de Operações de Arrendamento Mercantil (a2);Rendas de Operações com TVM (a3);Rendas de Operações com Instrumentos Financeiros Derivativos (a4);Resultado de Operações de Câmbio (a5);Rendas de Aplicações Compulsórias (a6);Receitas de Intermediação Financeira (a) = (a1) + (a2) + (a3) + (a4) + (a5) + (a6);Despesas de Captação (b1);Despesas de Obrigações por Empréstimos e Repasses (b2);Despesas de Operações de Arrendamento Mercantil (b3);Resultado de Operações de Câmbio (b4);Resultado de Provisão para Créditos de Difícil Liquidação (b5);Despesas de Intermediação Financeira (b) = (b1) + (b2) + (b3) + (b4) + (b5);;;;;;;;;;;;;;;;;;
ITAÚ UNIBANCO S.A.;60701190;ITAU;10069;80099;b1;2;8;SAO PAULO;SP;06/2016;22.941.434;80.851;39.495.353;15.922.134;0;2.986.635;81.426.406;-50.867.590;-795.355;-98.155;-922.642;-7.776.730;-60.460.473;20.965.934;4.472.671;3.714.902;-5.031.096;-6.370.338;-2.781.630;-9.091.145;20.797.657;-7.736.519;-2.025.496;18.940.437;52.320;18.992.757;-9.840.110;-3.300.907;5.851.740;0
BANCO DO BRASIL S.A.;0;BB;49906;80329;b1;1;1;BRASILIA;DF;06/2016;43.648.836;0;31.408.894;-5.142.620;265.641;2.837.649;73.018.400;-49.457.523;-2.422.671;0;0;-11.532.698;-63.412.892;9.605.508;4.734.961;3.760.081;-9.768.716;-7.260.624;-2.242.526;-227.641;21.567.152;-12.336.845;-1.774.157;7.831.351;-851;7.830.500;-2.453.340;-625.245;4.751.915;-1.411.218
CAIXA ECONOMICA FEDERAL;360305;;;80738;b1;1;6;BRASILIA;DF;06/2016;43.946.763;0;28.281.270;-7.762.951;0;6.526.308;70.991.390;-45.002.439;-8.240.139;0;-1.186.227;-10.067.359;-64.496.163;6.495.227;8.499.589;2.370.779;-10.057.680;-5.226.252;-1.739.182;424.923;7.738.038;-8.260.944;-6.250.728;244.499;-114.147;130.352;2.250.343;-388.849;1.991.846;-1.173.751
BANCO BRADESCO S.A.;60746948;BRADESCO;10045;80075;b1;2;8;OSASCO;SP;06/2016;26.829.727;28.132;28.055.594;12.935.059;0;2.513.784;70.362.296;-39.002.464;-1.241.811;-27.014;-78.151;-6.687.534;-47.036.973;23.325.323;3.431.861;2.939.705;-6.030.305;-6.630.553;-2.144.232;-4.067.517;15.588.805;-9.865.236;-6.777.472;16.547.851;-188.825;16.359.025;-8.103.716;0;8.255.309;-2.906.355
BANCO SANTANDER (BRASIL) S.A.;90400888;SANTANDER;30379;80185;b1;3;8;SAO PAULO;SP;06/2016;16.323.105;830;20.585.518;5.262.961;7.074.115;3.340.885;52.587.414;-28.977.477;-1.116.959;-916;0;-4.519.485;-34.614.837;17.972.577;4.289.978;1.290.431;-3.266.065;-4.518.083;-1.995.259;-7.074.082;12.579.519;-9.849.441;-8.543.003;9.429.574;23.195;9.452.769;-6.322.660;-574.888;2.555.221;-500.000
BANCO NACIONAL DE DESENVOLVIMENTO ECONOMICO E SOCIAL;33657248;;;81847;b4;1;4;RIO DE JANEIRO;RJ;06/2016;21.276.531;0;12.186.580;3.190.243;0;0;36.653.354;-2.060.791;-18.843.174;0;-417;-4.267.024;-25.171.406;11.481.949;141.499;0;-554.026;-229.360;-402.584;-3.574.921;8.995.325;-14.503.734;-10.127.800;1.354.149;-3.906;1.350.243;-3.321.488;-202.681;-2.173.927;0
DIBENS LEASING S.A. ARRENDAMENTO MERCANTIL;65654303;ITAU;10069;80099;n1;2;19;SAO PAULO;SP;06/2016;0;170;10.995.878;0;0;0;10.996.047;-10.877.309;1;-166;0;24;-10.877.452;118.596;0;0;0;-12.811;-5.525;404.188;6.398;-8.343;383.907;502.503;0;502.503;12.347;0;514.850;-126.000
BANCO SAFRA S.A.;58160789;SAFRA;10083;80109;b1;2;8;SAO PAULO;SP;06/2016;2.507.953;12.017;7.210.141;646.805;0;42.017;10.418.934;-7.543.978;-135.804;-12.050;-114.259;-683.774;-8.489.864;1.929.069;295.050;106.404;-644.022;-463.595;-176.351;-128.152;832.418;-389.432;-567.681;1.361.388;-217.842;1.143.546;-313.281;0;830.265;0
HSBC BANK BRASIL S.A. - BANCO MULTIPLO;1701201;HSBC;51152;80525;b1;3;8;CURITIBA;PR;06/2016;4.956.602;267.886;2.772.289;-467.692;1.438.999;719.124;9.687.208;-5.998.479;-275.376;-205.424;0;-1.933.007;-8.412.286;1.274.922;557.569;655.177;-1.634.748;-1.775.242;-328.445;-302.307;1.106.163;-620.145;-2.341.979;-1.067.057;-45.869;-1.112.926;335.594;-90;-777.421;0
BANCO ITAUCARD S.A.;17192451;ITAU;10069;80099;b2;2;8;SAO PAULO;SP;06/2016;6.686.812;1.203.640;1.097.893;-1.386.455;17.883;93.548;7.713.320;-2.695.650;-1.233.711;-1.333.445;0;-2.513.521;-7.776.327;-63.007;1.939.313;1.061.372;-86.089;-2.513.811;-372.457;744.503;2.014.086;-2.325.325;461.592;398.585;182.113;580.698;30.049;-4.386;606.361;0
BRADESCO LEASING S.A. - ARRENDAMENTO MERCANTIL;47509120;BRADESCO;10045;80075;n1;2;19;OSASCO;SP;06/2016;43.761;941.602;6.138.679;0;0;0;7.124.041;-6.132.369;-889;-798.948;0;7.764;-6.924.442;199.599;1.426;0;0;-20.136;-10.931;2.120;43.799;-25.136;-8.858;190.742;-24.062;166.679;-74.373;0;92.306;0
BANCO BTG PACTUAL S.A.;30306294;BTG PACTUAL;49944;80336;b1;2;8;RIO DE JANEIRO;RJ;06/2016;428.246;0;-1.523.233;5.710.685;1.541.173;101.771;6.258.642;-4.030.075;-160.185;0;0;-62.308;-4.252.568;2.006.074;311.547;5.833;-175.842;-290.448;-163.870;-194.956;2.367.677;-1.648.355;211.586;2.217.661;784.228;3.001.889;-674.817;-315.353;2.011.719;-500.000
SANTANDER LEASING S.A. ARRENDAMENTO MERCANTIL;47193149;SANTANDER;30379;80185;n1;3;19;SAO PAULO;SP;06/2016;5.504;711.074;5.100.056;0;0;0;5.816.634;-4.947.617;0;-568.265;0;4.897;-5.510.985;305.649;601;7;0;-14.465;-52.317;0;93.962;-41.939;-14.152;291.498;-321;291.177;-114.469;0;176.708;0
BANCO VOTORANTIM S.A.;59588111;VOTORANTIM;51011;80484;b1;2;8;SAO PAULO;SP;06/2016;670.829;0;4.479.798;41.679;0;16.384;5.208.690;-4.884.055;-123.666;0;-189.261;155.158;-5.041.823;166.866;112.242;361;-205.980;-126.772;-62.554;-87.873;1.457.940;-677.033;410.332;577.198;-17.902;559.297;-329.796;-35.091;194.409;0
BV FINANCEIRA S.A. - CREDITO, FINANCIAMENTO E INVESTIMENTO;1149953;VOTORANTIM;51011;80484;n1;2;14;SAO PAULO;SP;06/2016;5.322.393;0;144.242;-351.126;0;0;5.115.509;-2.949.979;0;0;0;-938.011;-3.887.990;1.227.518;57.897;283.600;-393.523;-425.211;-119.882;0;141.713;-660.250;-1.115.655;111.864;6.981;118.845;-56.441;-39.282;23.121;0
BANCO DO ESTADO DO RIO GRANDE DO SUL S.A.;92702067;BANRISUL;30173;80154;b1;1;8;PORTO ALEGRE;RS;06/2016;3.423.222;20.000;1.327.386;-295.513;0;547.359;5.022.453;-2.641.050;-139.641;-13.825;-137.791;-120.440;-3.052.747;1.969.706;73.505;399.570;-831.250;-580.469;-161.750;78.052;699.136;-1.034.050;-1.357.256;612.450;-4.699;607.750;-167.314;-50.814;389.623;-153.027
BANCO BRADESCO FINANCIAMENTOS S.A.;7207996;BRADESCO;10045;80075;b1;2;8;OSASCO;SP;06/2016;3.589.925;133.968;749.912;0;0;60.881;4.534.687;-2.337.697;0;-117.081;0;-356.288;-2.811.065;1.723.622;443;81.533;-131.233;-253.259;-113.157;-19.345;188.897;-873.791;-1.119.912;603.710;-45.857;557.853;-269.425;0;288.428;0
BANCO ITAÚ BMG CONSIGNADO S.A.;33885724;ITAU;10069;80099;b1;2;8;SAO PAULO;SP;06/2016;3.179.077;0;599.408;0;0;154.398;3.932.884;-2.572.703;0;0;0;-350.728;-2.923.430;1.009.453;0;0;-27.481;-213.377;-62.963;4.986;83.694;-596.268;-811.409;198.044;-2;198.042;-90.525;-15.719;91.797;0
BB-LEASING S/A ARRENDAMENTO MERCANTIL;31546476;BB;49906;80329;n1;1;19;BRASILIA;DF;06/2016;1.337;143.333;235.753;3.477.308;0;0;3.857.730;-3.447.548;-8;-102.955;0;-45.429;-3.595.941;261.790;0;0;-1.024;-4.957;-15.442;0;11.512;-63.835;-73.747;188.043;1;188.042;-89.080;0;98.962;0
BANCO CITIBANK S.A.;33479023;CITIBANK;30403;80192;b1;3;8;SAO PAULO;SP;06/2016;1.504.212;0;2.328.824;-2.180.300;1.714.554;109.123;3.476.412;-1.983.177;-120.228;0;0;-415.578;-2.518.984;957.428;295.468;157.573;-542.246;-724.034;-111.785;285.208;808.397;-852.262;-683.681;273.747;-71.160;202.587;88.164;-63.745;227.005;0
AYMORÉ CRÉDITO, FINANCIAMENTO E INVESTIMENTO S.A.;7707650;SANTANDER;30379;80185;n1;3;14;SAO PAULO;SP;06/2016;2.622.391;0;229.489;0;0;0;2.851.880;-1.667.887;0;0;0;-514.439;-2.182.326;669.554;85.046;215.705;-118.459;-235.991;-155.780;-8.690;447.339;-717.604;-488.434;181.120;-5.034;176.085;-75.195;-22.236;78.654;0
BANCO BRADESCO CARTÕES S.A.;59438325;BRADESCO;10045;80075;b1;2;8;OSASCO;SP;06/2016;2.218.511;0;537.169;-81.031;0;0;2.674.649;-1.436.714;-18;0;0;-1.435.022;-2.871.754;-197.104;647.831;754.453;-103.601;-610.702;-161.493;244.416;828.529;-1.166.207;433.226;236.122;324.846;560.968;-226.943;0;334.026;0
BANCO DO NORDESTE DO BRASIL S.A.;7237373;;;81593;b1;1;8;FORTALEZA;CE;06/2016;1.041.458;0;1.695.757;-255.902;43.137;20.802;2.545.252;-686.500;-907.285;0;0;-341.322;-1.935.106;610.145;1.073.029;29.345;-857.602;-534.668;-139.630;0;1.317.657;-1.161.358;-273.228;336.917;205;337.122;-96.367;-15.191;225.564;-54.012
BANCO PAN S.A.;59285411;PAN;31323;80257;b1;2;8;SAO PAULO;SP;06/2016;2.834.154;0;247.884;-685.512;0;0;2.396.526;-2.258.901;-289;0;-11.648;-498.907;-2.769.744;-373.219;62.074;159.203;-159.582;-921.161;-75.602;-61.998;1.411.757;-371.836;42.855;-330.364;-30.242;-360.606;136.138;0;-224.468;0
BANCO COOPERATIVO SICREDI S.A.;1181521;;;80745;b1;2;11;PORTO ALEGRE;RS;06/2016;504.969;0;1.294.935;-6.628;28.912;24.157;1.846.344;-1.501.656;-68.274;0;0;-3.447;-1.573.378;272.966;22.828;45;-53.976;-144.230;-18.499;12.839;157.433;-165.953;-189.512;83.455;-103;83.352;-32.109;0;51.243;0
CREFISA S.A.-CREDITO, FINANCIAMENTO E INVESTIMENTOS;60779196;;;83632;n1;2;14;SAO PAULO;SP;06/2016;1.494.402;0;122.463;0;0;0;1.616.865;0;0;0;0;-402.752;-402.752;1.214.113;0;0;-10.383;-491.508;-83.400;0;220.171;-5.885;-371.005;843.108;-207;842.902;-348.634;-572;493.696;-68.700
SAFRA LEASING S.A. ARRENDAMENTO MERCANTIL;62063177;SAFRA;10083;80109;n1;2;19;SAO PAULO;SP;06/2016;9.406;477.621;1.107.401;-8.549;0;0;1.585.879;-1.115.753;-258;-365.563;0;-30.497;-1.512.071;73.808;241;1.278;-3.053;-9.475;-8.383;0;7.343;-7.725;-19.774;54.034;-7.044;46.990;-17.210;0;29.780;0
BANCO MERCANTIL DO BRASIL S.A.;17184037;MERCANTIL DO BRASIL;20152;80123;b1;2;8;BELO HORIZONTE;MG;06/2016;1.381.093;0;223.381;-81.618;0;6.272;1.529.128;-631.943;-1.928;0;-10.390;-406.161;-1.050.422;478.706;29.811;82.719;-177.440;-225.686;-53.889;-7.051;152.821;-229.757;-428.472;50.234;-18.878;31.356;-10.270;-3.910;17.176;-14.504
BANCO COOPERATIVO DO BRASIL S.A. - BANCOOB;2038232;BANCOOB;51750;80879;b1;2;11;BRASILIA;DF;06/2016;466.536;0;998.233;0;0;9.230;1.473.998;-1.262.859;-33.234;0;0;-5.380;-1.301.473;172.526;197.062;42;-41.513;-86.814;-31.850;5.141;64.201;-151.221;-44.952;127.573;669;128.243;-54.690;-2.418;71.135;0
BV LEASING - ARRENDAMENTO MERCANTIL S.A.;1858774;VOTORANTIM;51011;80484;n1;2;19;SAO PAULO;SP;06/2016;11.924;90.187;1.107.908;260.285;0;0;1.470.304;-1.342.386;-468;-94.388;0;-3.105;-1.440.347;29.957;0;0;0;-9.948;-2.192;0;14.856;-4.264;-1.548;28.409;2.290;30.698;-14.337;0;16.361;0
BANK OF AMERICA MERRILL LYNCH BANCO MÚLTIPLO S.A.;62073200;BOFA MERRILL LYNCH;51255;80556;b1;3;8;SAO PAULO;SP;06/2016;48.789;0;568.145;-527.732;1.376.711;0;1.465.913;-180.364;-111.208;0;0;-973;-292.546;1.173.368;209.821;1.846;-223.018;-86.835;-37.625;13.523;51.644;-703.951;-774.596;398.772;-226;398.545;-180.931;0;217.615;0
BRB - BANCO DE BRASILIA S.A.;208;BRB;31976;80288;b1;1;8;BRASILIA;DF;06/2016;1.112.345;0;208.885;57;1.210;14.279;1.336.775;-569.602;-4.357;0;0;-164.569;-738.529;598.246;13.154;68.889;-398.792;-192.991;-43.014;33.542;49.198;-83.545;-553.558;44.687;-7.793;36.894;11.296;-6.751;41.439;-17.000
BANESTES S.A. BANCO DO ESTADO DO ESPIRITO SANTO;28127603;BANESTES;30159;80147;b1;1;8;VITORIA;ES;06/2016;400.533;12.999;881.108;0;7.266;19.029;1.320.935;-914.070;-12.332;-10.723;0;-94.467;-1.031.592;289.343;83.713;47.116;-161.870;-114.309;-30.114;23.554;25.498;-39.369;-165.782;123.561;677;124.238;-24.191;-15.367;84.680;-29.200
BANCO DE INVESTIMENTOS CREDIT SUISSE (BRASIL) S.A.;33987793;CREDIT SUISSE;30771;80219;b2;3;13;SAO PAULO;SP;06/2016;186.493;0;1.026.153;-15.552;0;0;1.197.094;-1.694.290;-215.605;0;-116.069;-163.592;-2.189.556;-992.462;41.497;0;-64.944;-122.569;-50.345;25.063;1.555.558;-124.615;1.259.646;267.184;143;267.327;-131.467;0;135.859;0
BANCO IBM S.A.;34270520;;;81689;b2;3;8;RIO DE JANEIRO;RJ;06/2016;165.306;916.715;89.139;0;0;0;1.171.159;-235.715;-3.067;-769.670;0;-55.903;-1.064.354;106.805;0;0;0;-19.634;-3.758;0;27.974;-32.805;-28.223;78.582;0;78.582;-36.021;0;42.561;0
BANCO GMAC S.A.;59274605;;;80848;b2;3;8;SAO PAULO;SP;06/2016;1.047.486;35.582;48.256;0;0;0;1.131.324;-682.192;0;-35.526;0;-106.895;-824.613;306.711;27.760;38.770;-58.117;-168.219;-58.113;26.643;62.323;-35.973;-164.926;141.785;716;142.501;-46.890;-7.662;87.948;0
BANCO DAYCOVAL S.A.;62232889;DAYCOVAL;51987;81744;b1;2;8;SAO PAULO;SP;06/2016;1.421.220;0;316.645;-669.530;0;0;1.068.335;-778.838;-43.554;0;-4.695;-331.343;-1.158.430;-90.095;11.978;32.811;-119.724;-230.274;-81.398;-2.848;842.293;-138.506;314.333;224.238;2.234;226.472;-48.945;-23.068;154.459;-104.976
BANCO CSF S.A.;8357240;;;81610;b2;3;8;SAO PAULO;SP;06/2016;989.738;0;14.781;0;0;0;1.004.520;-17.219;0;0;0;-454.335;-471.553;532.967;157.594;148.545;-49.129;-253.831;-84.593;0;22.348;-109.917;-168.983;363.984;1;363.985;-161.310;0;202.675;0
BANCO BRADESCARD S.A.;4184779;BRADESCO;10045;80075;b1;2;8;OSASCO;SP;06/2016;930.261;0;22.998;0;0;0;953.259;-139;0;0;-529;-587.455;-588.122;365.137;124.283;241.192;-26.053;-324.141;-68.395;7.292;109.194;-292.857;-229.485;135.652;0;135.652;-87.291;0;48.360;0
HAITONG BANCO DE INVESTIMENTO DO BRASIL S.A.;34111187;HAITONG;51482;80666;b2;3;13;SAO PAULO;SP;06/2016;39.514;0;564.336;348.665;0;0;952.515;-702.604;-10.379;0;-1.628;-6.244;-720.855;231.659;7.507;0;-34.573;-16.322;-4.518;-73.042;1.527;-26.934;-146.355;85.305;-48;85.256;-63.236;-706;21.314;-12.000
BANCO RCI BRASIL S.A.;62307848;SANTANDER;30379;80185;b2;3;8;SAO PAULO;SP;06/2016;611.455;410.221;32.290;-144.124;0;17.364;927.206;-448.762;0;-356.395;0;-63.352;-868.508;58.698;3.131;27.490;-13.393;-43.088;-11.178;0;26.172;-91.904;-102.770;-44.071;14.767;-29.305;9.105;-533;-20.733;0
BANCO J. SAFRA S.A.;3017677;SAFRA;10083;80109;b1;2;8;SAO PAULO;SP;06/2016;470.234;29.548;344.866;10.894;0;63.036;918.579;-576.090;-72.234;-21.983;0;-92.566;-762.873;155.706;31.462;28.222;-84.321;-67.135;-15.809;0;38.581;-38.582;-107.583;48.123;35;48.158;-24.161;0;23.997;0
BANCO VOLKSWAGEN S.A.;59109165;;;80202;b2;3;8;SAO PAULO;SP;06/2016;1.392.162;60.620;136.230;-694.846;0;0;894.167;-498.202;-208.074;-47.412;0;-382.964;-1.136.652;-242.486;0;33.690;-2.274;-201.448;-61.352;48.832;640.067;-200.714;256.800;14.314;-9.572;4.742;13.817;0;18.558;0
BANCO LOSANGO S.A. - BANCO MÚLTIPLO;33254319;HSBC;51152;80525;b2;3;8;CURITIBA;PR;06/2016;870.541;0;15.395;0;0;0;885.936;-182.851;0;0;0;-514.012;-696.864;189.073;21.580;69.004;-66.182;-296.235;-42.584;0;109.564;-272.933;-477.787;-288.714;-9.027;-297.741;104.093;0;-193.648;0
HIPERCARD BANCO MÚLTIPLO S.A.;3012230;ITAU;10069;80099;b1;2;8;SAO PAULO;SP;06/2016;740.900;0;108.347;0;0;0;849.247;-19.903;-226;0;0;-385.866;-405.995;443.252;277.132;37.807;-2.962;-272.652;-59.554;751;70.128;-187.188;-136.538;306.714;-1.097;305.617;-125.172;-838;179.607;0
BANCO BRADESCO BBI S.A.;6271464;BRADESCO;10045;80075;b1;2;8;OSASCO;SP;06/2016;21;0;966.629;-119.974;0;0;846.676;-153.153;0;0;0;0;-153.153;693.522;408.970;0;-60.554;-47.298;-31.256;136.498;17.977;-47.271;377.065;1.070.588;35;1.070.622;-712;0;1.069.910;0
BANCO CETELEM S.A.;558456;BNP PARIBAS;51516;80673;b1;3;8;SAO PAULO;SP;06/2016;836.688;0;2.985;0;0;0;839.673;-382.250;0;0;-34;-133.515;-515.799;323.874;58.704;60.384;-36.496;-481.545;-36.685;306;157.830;-118.090;-395.591;-71.717;437;-71.281;22.316;-12.671;-61.636;0
BANCO BMG S.A.;61186680;BMG;30290;80178;b1;2;8;SAO PAULO;SP;06/2016;1.169.831;0;206.138;-608.463;0;0;767.506;-1.041.632;-41.185;0;-11.268;-242.564;-1.336.649;-569.144;13.244;19.166;-73.225;-500.601;-17.860;13.227;1.027.173;-297.908;183.214;-385.930;370.206;-15.724;50.548;-1.670;33.155;-118.000
BANCO DA AMAZONIA S.A.;4902979;;;81249;b1;1;2;BELEM;PA;06/2016;277.679;0;485.432;-3.556;0;0;759.555;-153.508;-153.633;0;-7.711;-41.222;-356.075;403.481;298.566;52.608;-267.783;-130.970;-53.076;0;419.691;-438.059;-119.022;284.459;6.157;290.616;-203.081;-2.549;84.985;-20.285
BANCO DO ESTADO DO PARÁ S.A.;4913711;;;81586;b1;1;8;BELEM;PA;06/2016;618.470;0;82.691;0;1.904;1.450;704.515;-217.488;-2;0;0;-40.002;-257.493;447.023;5.606;32.785;-137.312;-132.171;-26.094;0;6.084;-18.761;-269.863;177.160;290;177.450;-90.870;-12.530;74.050;-12.621
MIDWAY S.A. - CRÉDITO, FINANCIAMENTO E INVESTIMENTO;9464032;;;83553;n1;2;14;SAO PAULO;SP;06/2016;704.134;0;36.809;-51.749;0;0;689.194;-44.515;-10.723;0;-58;-340.902;-396.197;292.996;101.344;25.127;-8.830;-140.524;-43.248;0;53.989;-152.031;-164.174;128.822;27;128.850;-57.616;-1.153;70.080;0
BANCO OLÉ BONSUCESSO CONSIGNADO S.A.;71371686;SANTANDER;30379;80185;b2;3;8;SAO PAULO;SP;06/2016;675.175;0;7.867;0;0;0;683.042;-348.633;0;0;0;-90.445;-439.078;243.964;2.879;299;-22.328;-118.431;-15.192;197;1.979;-127.372;-277.969;-34.005;-8;-34.013;17.236;0;-16.777;0
BANCO ALFA DE INVESTIMENTO S.A.;60770336;ALFA;51293;80570;b2;2;13;SAO PAULO;SP;06/2016;170.418;0;532.411;-25.141;4.888;0;682.576;-615.806;-55.108;0;0;-14.437;-685.352;-2.776;16.025;317;-27.830;-16.992;-4.235;26.341;87.595;-38.598;42.623;39.846;50;39.896;3.085;-1.642;41.339;-11.551
BANCO MORGAN STANLEY S.A.;2801938;MORGAN STANLEY;51413;80628;b1;3;8;SAO PAULO;SP;06/2016;0;0;613.027;-277.228;321.745;0;657.544;-333.839;0;0;0;0;-333.839;323.705;22.077;0;-84.350;-39.124;-16.159;-16.576;46.673;-65.472;-152.930;170.774;0;170.774;-91.548;0;79.227;0
PERNAMBUCANAS FINANCIADORA S.A. - CRÉDITO, FINANCIAMENTO E INVESTIMENTO;43180355;;;80305;n1;2;14;SAO PAULO;SP;06/2016;627.385;0;16.612;0;0;0;643.997;-25.633;0;0;-24;-323.565;-349.223;294.774;1.397;47.352;-22.229;-86.739;-25.629;0;32.563;-108.760;-162.045;132.729;-8;132.721;-61.884;0;70.837;0
COOPERATIVA CENTRAL DE CRÉDITO DO RIO GRANDE DO SUL E SANTA CATARINA - CENTRAL SICREDI SUL;87437687;;;;b3C;2;9;PORTO ALEGRE;RS;06/2016;19.583;0;622.139;0;0;0;641.722;-622.013;0;0;0;14;-621.999;19.723;0;0;-9.616;101.251;1;664;2.038;-114.425;-20.089;-366;366;0;0;0;0;0
BANCO REGIONAL DE DESENVOLVIMENTO DO EXTREMO SUL;92816560;;;81311;b4;1;5;PORTO ALEGRE;RS;06/2016;454.037;0;163.343;0;0;0;617.380;0;-231.028;0;0;-131.069;-362.097;255.283;21.345;0;-87.147;-34.359;-19.186;0;19.553;-10.104;-109.898;145.385;392;145.777;-68.196;0;77.581;0
LUIZACRED S.A. SOCIEDADE DE CRÉDITO, FINANCIAMENTO E INVESTIMENTO;2206577;ITAU;10069;80099;n1;2;14;SAO PAULO;SP;06/2016;615.735;0;748;0;0;0;616.483;-120.111;-136;0;0;-328.246;-448.494;167.989;133.893;55.067;-1.476;-175.099;-39.198;0;82.334;-137.557;-82.036;85.954;-427;85.526;-38.375;-2.189;44.962;0
PARANÁ BANCO S.A.;14388334;PARANÁ BANCO;30881;80233;b1;2;8;CURITIBA;PR;06/2016;486.030;0;107.729;-1.021;43;0;592.781;-326.265;-4.032;0;0;-75.855;-406.152;186.629;964;3.020;-26.162;-94.992;-12.232;25.200;5.045;-13.743;-112.900;73.729;72;73.801;-9.814;0;63.986;-26.373
OMNI S.A. - CREDITO FINANCIAMENTO E INVESTIMENTO;92228410;OMNI;50940;80460;n1;2;14;SAO PAULO;SP;06/2016;476.193;0;77.671;19.026;0;0;572.890;-262.584;0;0;0;-116.342;-378.926;193.964;13.345;40.129;-6.071;-173.761;-15.785;14.594;17.896;-81.941;-191.593;2.372;349;2.721;3.563;0;6.283;0
FINANCEIRA ITAÚ CBD S.A. CRÉDITO, FINANCIAMENTO E INVESTIMENTO;6881898;ITAU;10069;80099;n1;2;14;SAO PAULO;SP;06/2016;537.662;0;1.201;0;0;0;538.863;-49.219;-412;0;0;-254.673;-304.303;234.560;157.658;120.115;-112;-190.131;-44.913;-10.679;75.003;-125.834;-18.894;215.666;-781;214.885;-102.162;-4;112.719;0
BANCO ORIGINAL S.A.;92894922;ORIGINAL;51781;80903;b1;2;8;SAO PAULO;SP;06/2016;364.718;0;83.326;87.665;0;0;535.709;-274.825;-5.562;0;-5.735;-35.514;-321.636;214.073;10.730;207;-89.786;-111.870;-9.830;-135;171.951;-154.462;-183.194;30.878;12.450;43.328;34.998;-80.656;-2.330;0
BANCO RABOBANK INTERNATIONAL BRASIL S.A.;1023570;;;81555;b1;3;8;SAO PAULO;SP;06/2016;125.714;0;304.086;86.071;0;0;515.871;-238.368;-23.273;0;-566.389;-158.380;-986.410;-470.539;35.940;5.200;-104.195;-48.749;-25.224;0;2.293.139;-1.502.545;653.564;183.025;-49;182.976;-80.692;-8.721;93.562;0
BANCO ABC BRASIL S.A.;28195667;ABC-BRASIL;41856;80312;b1;3;8;SAO PAULO;SP;06/2016;469.616;0;575.533;-595.008;59.232;0;509.372;-580.232;-40.715;0;0;-92.062;-713.009;-203.637;108.931;12.090;-96.438;-49.219;-21.126;-127.672;885.874;-66.696;645.744;442.107;-8.186;433.921;-186.476;-52.199;195.245;-92.648
BANCO SISTEMA S.A.;76543115;BTG PACTUAL;49944;80336;b1;2;8;RIO DE JANEIRO;RJ;06/2016;48.263;0;455.525;0;0;0;503.788;0;-427;0;0;-604.773;-605.200;-101.412;0;0;-483;-28.621;-50.340;96;1.010.729;-142.921;788.459;687.047;2.850;689.897;173.592;-472;863.017;-313.000
BANCO MERCEDES-BENZ DO BRASIL S.A.;60814191;MERCEDES-BENZ;51262;80563;b2;3;8;SAO PAULO;SP;06/2016;458.202;0;7.478;0;0;0;465.680;-65.053;-153.259;0;0;-108.786;-327.098;138.581;0;4.681;-34.458;-50.302;-17.785;818;40.834;-46.860;-103.072;35.510;-41.237;-5.728;4.633;0;-1.095;0
HP FINANCIAL SERVICES ARRENDAMENTO MERCANTIL S.A.;97406706;;;82987;n1;3;19;BARUERI;SP;06/2016;2.412;462.969;0;0;0;0;465.381;0;-37.857;-372.284;0;-4.978;-415.119;50.262;0;0;0;-11.861;-4.130;0;10.849;-1.950;-7.092;43.170;4.603;47.773;-24.409;0;23.364;0
FINANCEIRA ALFA S.A. - CREDITO, FINANCIAMENTO E INVESTIMENTOS;17167412;ALFA;51293;80570;n1;2;14;SAO PAULO;SP;06/2016;529.896;0;58.908;-132.810;0;0;455.994;-251.008;-2.735;0;0;-21.435;-275.178;180.816;2.400;11.099;-46.769;-27.496;-11.381;0;4.301;-81.175;-149.021;31.795;42;31.837;-10.143;-2.002;19.692;-7.844
COOPERATIVA DE CREDITO CREDICITRUS;54037916;;;;b3S;2;9;BEBEDOURO;SP;06/2016;293.610;0;106.205;0;0;0;399.815;-104.192;-40.989;0;0;-94.460;-239.641;160.174;3.663;686;-39.423;-32.707;-502;0;12.561;-1.946;-57.668;102.506;-1.668;100.838;-444;-3.533;96.861;0
BANCO FIBRA S.A.;58616418;;;81483;b1;2;8;SAO PAULO;SP;06/2016;256.901;0;123.029;19.104;0;0;399.033;-286.042;-33.424;0;-10.811;-41.343;-371.620;27.414;13.632;2.046;-46.609;-32.473;-5.630;29.841;247.704;-259.551;-51.040;-23.626;-293;-23.919;25.633;-113;1.601;0
BANCO CNH INDUSTRIAL CAPITAL S.A.;2992446;;;81407;b2;3;8;CURITIBA;PR;06/2016;329.392;17.315;51.417;-677;0;0;397.447;-80.491;-56.181;-14.077;0;-66.510;-217.259;180.188;4.808;13;-21.607;-36.477;-12.047;0;35.639;-25.046;-54.718;125.470;-1.525;123.945;-45.475;-2.444;76.026;-67.991
BANCO HONDA S.A.;3634220;HONDA;51396;80611;b2;3;8;SAO PAULO;SP;06/2016;518.567;0;11.697;-146.489;0;0;383.775;-155.144;-37.785;0;0;-103.727;-296.655;87.119;10.347;25.937;-9.282;-83.590;-9.665;0;8.522;-15.534;-73.266;13.853;260;14.114;2.032;0;16.146;0
ASSOCIACAO DE POUPANCA E EMPRESTIMO - POUPEX;655522;;;81184;n1;2;25;BRASILIA;DF;06/2016;140.664;0;199.405;0;0;35.332;375.401;-205.250;0;0;0;-12.498;-217.748;157.653;0;2.769;-50.888;-22.869;-9.376;0;3.244;-15.283;-92.403;65.250;929;66.179;0;0;66.179;0
PORTOSEG S.A. - CREDITO, FINANCIAMENTO E INVESTIMENTO;4862600;PORTO SEGURO;51444;80642;n1;2;14;SAO PAULO;SP;06/2016;385.153;0;15.028;-41.319;0;0;358.862;-60.881;-4.853;0;0;-149.312;-215.046;143.817;114.468;65.838;-12.407;-119.687;-27.231;0;56.082;-118.736;-41.674;102.143;0;102.143;-45.113;-888;56.142;0
COOPERATIVA CENTRAL DE CRÉDITO E INVESTIMENTO DOS ESTADOS DO PARANÁ, SÃO PAULO E RIO DE JANEIRO - CENTRAL SICREDI PR/SP/RJ;80230774;;;;b3C;2;9;CURITIBA;PR;06/2016;8.361;0;349.161;0;0;0;357.522;-349.161;0;0;0;0;-349.162;8.360;0;0;-9.396;68.399;0;350;1.255;-69.031;-8.423;-64;64;0;0;0;0;0
BANCO SOFISA S.A.;60889128;SOFISA;31873;80271;b1;2;8;SAO PAULO;SP;06/2016;203.067;860;114.394;10.388;11.831;0;340.541;-217.342;-19.534;-692;0;-15.378;-252.946;87.594;483;9.826;-30.831;-38.166;-7.009;-6.808;106.830;-83.963;-49.637;37.957;9;37.966;-15.654;-6.787;15.524;-10.000
DEUTSCHE BANK S.A. - BANCO ALEMAO;62331228;DEUTSCHE;51183;80532;b1;3;8;SAO PAULO;SP;06/2016;87.388;0;256.490;-526.869;522.655;0;339.663;-141.098;-35.465;0;0;-29.017;-205.580;134.083;89.924;702;-118.197;-58.495;-8.689;-62.473;224.335;-211.532;-144.425;-10.341;-405;-10.747;-21.768;0;-32.514;0
BANCO PINE S.A.;62144175;PINE;50304;80374;b1;2;8;SAO PAULO;SP;06/2016;219.559;0;147.639;-28.598;0;0;338.600;-321.649;-23.140;0;-88.197;-61.278;-494.264;-155.663;29.964;184;-40.296;-30.259;-10.925;-23.805;254.998;-10.181;169.680;14.017;11.973;25.989;-17.645;-6.986;1.359;-26.000
COOPERATIVA DE CREDITO VALE DO ITAJAI - VIACREDI;82639451;;;;b3S;2;9;BLUMENAU;SC;06/2016;253.440;0;82.163;0;0;0;335.602;-125.930;-5.663;0;0;-53.725;-185.318;150.284;18.216;11.577;-40.704;-58.165;-214;0;2.422;-6.624;-73.491;76.793;-146;76.647;0;-4.460;72.187;0
BANCO DO ESTADO DE SERGIPE S.A.;13009717;;;81634;b1;1;8;ARACAJU;SE;06/2016;242.341;0;80.067;0;0;4.907;327.315;-144.179;-2.390;0;0;-36.582;-183.151;144.164;36.655;11.189;-79.822;-58.082;-14.615;0;8.197;-3.068;-99.547;44.617;366;44.983;-19.198;-3.334;22.451;-5.312
BANCO BRADESCO BERJ S.A.;33147315;BRADESCO;10045;80075;b1;2;8;OSASCO;SP;06/2016;100.485;0;210.595;0;0;0;311.079;-14.187;-25;0;0;16;-14.195;296.884;0;0;-7.990;-12.497;-16.188;14.830;89.777;-53.192;14.741;311.625;8.601;320.226;-133.153;0;187.073;0
BANCO INTERMEDIUM S/A;416968;INTERMEDIUM;51884;80996;b1;2;8;BELO HORIZONTE;MG;06/2016;279.167;0;27.277;-3.579;0;0;302.865;-150.906;-1.220;0;-45;-44.173;-196.344;106.521;3.888;3.569;-29.026;-52.324;-7.617;-2.042;491;-5.791;-88.853;17.668;-3.425;14.243;-2.214;0;12.029;-12.166
BANCO ITAÚ BBA S.A.;17298092;ITAU;10069;80099;b1;2;8;SAO PAULO;SP;06/2016;0;0;292.524;0;0;0;292.524;0;0;0;0;0;0;292.524;245.849;0;-62.842;-15.379;-37.647;116.607;136.307;-20.569;362.327;654.851;0;654.851;-196.544;-103.239;355.068;0
BANCO DE LAGE LANDEN BRASIL S.A.;5040481;;;81421;b2;3;8;PORTO ALEGRE;RS;06/2016;178.555;73.718;33.128;0;0;0;285.401;0;-43.882;-65.098;0;-36.796;-145.776;139.625;11.173;49;-27.905;-41.209;-8.017;101;12.133;-22.539;-76.214;63.411;-613;62.798;-16.752;0;46.046;-25.000
BANCO TRIANGULO S.A.;17351180;;;81438;b1;2;8;UBERLANDIA;MG;06/2016;229.052;0;49.487;-3.095;0;0;275.444;-97.654;-9.110;0;0;-59.726;-166.490;108.954;15.006;47.705;-54.830;-68.769;-13.519;5.676;14.404;-7.868;-62.194;46.760;-218;46.542;-9.722;-5.133;31.687;-14.835
COOPERATIVA CENTRAL DE CRÉDITO DE SANTA CATARINA E RIO GRANDE DO SUL - SICOOB CENTRAL SC/RS;80160260;;;;b3C;2;9;FLORIANOPOLIS;SC;06/2016;2.910;0;255.681;0;0;4.078;262.669;-258.385;-4.253;0;0;199;-262.439;231;28;0;-7.166;-5.626;-41;0;28.650;-2.725;13.119;13.350;0;13.350;0;0;13.350;0
BANCO DE DESENVOLVIMENTO DE MINAS GERAIS S.A.-BDMG;38486817;;;81328;b4;1;5;BELO HORIZONTE;MG;06/2016;348.253;0;67.710;-156.923;0;0;259.040;-53.330;-162.382;0;-263;-75.432;-291.406;-32.366;12.041;7.061;-52.907;-17.549;-10.856;0;179.350;-57.281;59.860;27.494;-133;27.361;-16.884;-688;9.789;0
BANCO INDUSVAL S.A.;61024352;INDUSVAL;50531;80415;b1;2;8;SAO PAULO;SP;06/2016;104.837;0;85.673;68.104;0;0;258.614;-200.906;-12.535;0;-16.893;-47.497;-277.830;-19.216;4.544;379;-23.438;-24.976;-2.178;-17.973;45.693;-13.906;-31.856;-51.072;-2.153;-53.226;12.269;-2.285;-43.241;0
COOPERATIVA CENTRAL DE CRÉDITO DE MINAS GERAIS LTDA. - SICOOB CENTRAL CREDIMINAS;25683434;;;;b3C;2;9;BELO HORIZONTE;MG;06/2016;1.495;0;242.736;0;0;5.962;250.193;-230.010;-8.628;0;0;-1.073;-239.711;10.482;101;0;-12.635;-6.047;-10;11.100;24.452;-7.111;9.850;20.332;41;20.373;-20;-217;20.136;0
COOPERATIVA CENTRAL DE CRÉDITO DO ESTADO DE SÃO PAULO - SICOOB SÃO PAULO;63917579;;;;b3C;2;9;RIBEIRAO PRETO;SP;06/2016;0;0;249.411;0;0;0;249.411;-237.559;0;0;0;0;-237.559;11.852;0;0;-1.884;-1.339;-12;6.627;3.739;-4.217;2.915;14.767;6;14.773;-2;0;14.771;0
BANCO JOHN DEERE S.A.;91884981;JOHN DEERE;50071;80343;b1;3;8;INDAIATUBA;SP;06/2016;241.406;0;9.275;-1.500;0;0;249.181;-2.794;-68.041;0;0;-93.283;-164.119;85.063;15.947;140;-16.234;-9.996;-8.676;0;138.913;-125.975;-5.880;79.183;-206;78.977;-38.923;-1.726;38.328;0
AGIPLAN FINANCEIRA S.A. - CREDITO FINANCIAMENTO E INVESTIMENTO;13660104;;;83694;n1;2;14;PORTO ALEGRE;RS;06/2016;213.250;0;13.344;0;0;0;226.593;-24.905;0;0;-1.072;-45.129;-71.105;155.488;788;6.035;-10.319;-87.826;-9.556;0;307;-479;-101.049;54.439;-37;54.402;-23.183;0;31.220;0
BANCO FIDIS S/A;62237425;;;81751;b2;3;8;BETIM;MG;06/2016;292.840;409;51.086;-120.926;0;0;223.409;-215.812;-10.127;-330;0;-27.326;-253.595;-30.186;3.700;18;-10.312;-27.263;-4.631;0;109.455;-11.338;59.628;29.443;-2.879;26.564;-13.157;-1.271;12.135;0
BANCO VOLVO BRASIL S.A.;58017179;;;80769;b2;3;8;CURITIBA;PR;06/2016;181.590;10.004;25.310;0;0;0;216.904;-1.144;-79.346;-8.272;0;-63.147;-151.910;64.994;14;3.166;-17.842;-24.602;-5.936;-1.225;7.957;-4.978;-43.446;21.548;502;22.050;-11.611;-1.197;9.242;0
XP INVESTIMENTOS CORRETORA DE CÂMBIO,TÍTULOS E VALORES MOBILIÁRIOS S/A;2332886;XP INVESTIMENTOS;51994;82475;n2;2;15;RIO DE JANEIRO;RJ;06/2016;306;0;205.537;6.486;888;0;213.216;-17.840;-6;0;0;-517;-18.363;194.854;132.630;86.768;-40.295;-209.328;-31.216;5.265;8.632;-14.481;-62.026;132.828;-1.198;131.630;-32.583;-52.719;46.328;0
CENTRAL DAS COOPERATIVAS DE ECONOMIA E CREDITO DO ESTADO DE MINAS GERAIS LTDA. - SICOOB CENTRAL CECREMGE;309024;;;;b3C;2;9;BELO HORIZONTE;MG;06/2016;6.817;0;198.866;0;0;0;205.683;-201.331;0;0;0;150;-201.181;4.502;0;0;-5.157;-2.212;-30;4.336;7.611;-1.988;2.561;7.063;-3;7.060;0;-176;6.884;0
ALFA ARRENDAMENTO MERCANTIL S.A.;46570800;ALFA;51293;80570;n1;2;19;SAO PAULO;SP;06/2016;902;105.649;96.200;-390;0;0;202.362;-94.403;0;-82.917;0;-3.406;-180.726;21.636;0;137;-3.755;-2.766;-1.397;0;1.628;-1.636;-7.789;13.846;-94;13.753;-7.052;-196;6.505;0
BANCO CRÉDIT AGRICOLE BRASIL S.A.;75647891;CREDIT AGRICOLE;51066;80491;b1;3;8;SAO PAULO;SP;06/2016;36.641;0;162.725;-7.452;0;0;191.914;-99.235;-1.189.940;0;-154.768;-31.103;-1.475.046;-1.283.132;9.423;110;-23.499;-14.844;-3.498;-85;1.646.679;-281.504;1.332.782;49.649;0;49.649;-28.384;-1.162;20.103;0
CITIBANK DISTRIBUIDORA DE TITULOS E VALORES MOBILIARIOS S.A;33868597;CITIBANK;30403;80192;n2;3;16;SAO PAULO;SP;06/2016;0;0;191.643;0;0;0;191.643;0;0;0;0;0;0;191.643;60.332;0;-22.499;-37.197;-13.767;0;1.827;-4.982;-16.286;175.357;-8;175.349;-77.690;-1.164;96.495;0
BANCO PAULISTA S.A.;61820817;SOCOPA;50328;80381;b1;2;8;SAO PAULO;SP;06/2016;37.198;0;99.444;46.389;8.005;0;191.037;-118.742;-8.686;0;0;-3.156;-130.584;60.453;20.584;14.973;-29.508;-39.288;-10.930;4.456;4.970;-12.527;-47.271;13.182;307;13.489;-5.747;-2.944;4.798;0
GOLDMAN SACHS DO BRASIL BANCO MULTIPLO S.A.;4332281;GOLDMAN SACHS;51585;80714;b2;3;8;SAO PAULO;SP;06/2016;0;0;426.741;-296.858;55.497;0;185.380;-120.253;-6.788;0;0;-104.819;-231.859;-46.479;177.805;0;-97.246;-42.056;-17.166;948;242.977;-61.789;203.472;156.993;4.517;161.510;-76.675;-2.268;82.566;0
BANCO BONSUCESSO S.A.;71027866;;;80422;b1;2;8;BELO HORIZONTE;MG;06/2016;103.083;0;100.113;-35.805;15.520;0;182.911;-86.240;-5;0;0;4.137;-82.108;100.803;2.544;1.388;-17.380;-78.488;-6.430;-4.870;83.635;-27.862;-47.463;53.340;-165;53.175;-24.344;0;28.830;0
BANCO CATERPILLAR S.A.;2658435;;;81397;b2;3;8;SAO PAULO;SP;06/2016;127.530;17.656;54.492;-18.081;0;0;181.597;-46.288;-32.929;-13.394;0;-80.866;-173.476;8.120;3.846;1.024;-20.214;-15.756;-4.860;0;37.336;-1.098;278;8.398;-1.034;7.364;-3.159;0;4.204;0
DACASA FINANCEIRA S/A - SOCIEDADE DE CRÉDITO, FINANCIAMENTO E INVESTIMENTO;27406222;DACASA FINANCEIRA;51891;81005;n1;2;14;VITORIA;ES;06/2016;160.160;0;20.526;787;0;0;181.474;-52.162;0;0;0;-111.683;-163.845;17.629;15.590;11.582;-5.361;-76.111;-10.469;0;54.622;-14.778;-24.924;-7.295;6;-7.289;12.716;0;5.427;0
COOPERATIVA CENTRAL DE CRÉDITO DO CENTRO NORTE DO BRASIL   CENTRAL SICREDI CENTRO NORTE;33667205;;;;b3C;2;9;CUIABA;MT;06/2016;4.694;0;174.147;0;0;0;178.840;-173.828;0;0;0;21;-173.806;5.034;0;0;-8.356;39.731;0;217;765;-37.621;-5.264;-230;230;0;0;0;0;0
COOPERFORTE - COOPERATIVA DE ECONOMIA E CRÉDITO MÚTUO DOS FUNCIONÁRIOS DE INSTITUIÇÕES FINANCEIRAS PÚBLICAS FEDERAIS LTDA.;1658426;;;;b3S;2;9;BRASILIA;DF;06/2016;146.969;0;30.983;0;0;0;177.951;-90.230;-634;0;0;-22.294;-113.158;64.793;0;0;-18.536;-12.646;-103;0;886;-1.662;-32.060;32.733;-4;32.729;0;0;32.729;-5.650
COOPERATIVA DE CRÉDITO E INVESTIMENTO DE LIVRE ADMISSÃO UNIÃO PARANÁ/SÃO PAULO - SICREDI UNIÃO PR/SP;79342069;;;;b3S;2;9;MARINGA;PR;06/2016;135.339;0;41.379;0;0;102;176.820;-54.324;-15.114;0;0;-31.766;-101.204;75.616;24.795;10.844;-36.790;-41.084;-1.042;0;3.426;-20.182;-60.033;15.584;-366;15.218;-2.655;0;12.563;0
BANCO ITAULEASING S.A.;49925225;ITAU;10069;80099;b2;2;8;SAO PAULO;SP;06/2016;5;45.921;125.485;0;0;0;171.411;0;-2.464;-41.408;0;-436;-44.307;127.103;6;0;0;-1.833;-6.130;397.497;3.852;-94;393.298;520.402;-1;520.400;41.380;0;561.781;-214.000
ICBC DO BRASIL BANCO MÚLTIPLO S.A.;17453575;;;81830;b1;3;8;SAO PAULO;SP;06/2016;35.260;0;24.121;-12.879;124.783;0;171.285;-6.933;-125.121;0;0;-1.130;-133.184;38.101;556;103;-6.407;-4.818;-1.053;0;954;-20.308;-30.974;7.127;-22;7.106;-3.119;-11;3.975;0
BANCO RODOBENS S.A.;33603457;;;80855;b1;2;8;SAO PAULO;SP;06/2016;106.327;31.307;31.279;2.141;0;0;171.053;-72.723;-9.898;-20.898;-6;-17.908;-121.433;49.620;6.726;1.059;-5.887;-9.683;-4.397;24.605;8.247;-13.830;6.840;56.460;0;56.460;-4.835;-1.214;50.411;-19.900
BANCO CBSS S.A.;27098060;BRADESCO;10045;80075;b2;2;8;OSASCO;SP;06/2016;167.904;0;21;0;115;5;168.046;-11.938;0;0;0;-77.579;-89.517;78.529;9.229;41.600;-8.151;-99.958;-10.627;0;914;-30.648;-97.642;-19.114;0;-19.114;4.755;-593;-14.951;0
COOPERATIVA DE CRÉDITO DE LIVRE ADMISSÃO DE ASSOCIADOS OURO VERDE DE MATO GROSSO - SICREDI OURO VERDE MT;26529420;;;;b3S;2;9;LUCAS DO RIO VERDE;MT;06/2016;120.008;0;43.635;0;0;0;163.642;-30.554;-26.759;0;0;-47.319;-104.633;59.010;19.937;6.197;-23.067;-17.279;-429;0;43.222;-62.675;-34.094;24.916;1.997;26.912;-1.774;0;25.138;0
COOPERATIVA DE CRÉDITO DOS PRODUTORES RURAIS E EMPRESÁRIOS DO INTERIOR PAULISTA;71328769;;;;b3S;2;9;SERTAOZINHO;SP;06/2016;122.441;0;41.253;-403;0;0;163.291;-61.644;-28.536;0;0;-39.601;-129.781;33.510;1.839;1.413;-14.885;-18.076;-98;0;19.046;-15.896;-26.658;6.852;-719;6.133;-149;0;5.985;0
BADESUL DESENVOLVIMENTO S.A - AGÊNCIA DE FOMENTO/RS;2885855;;;81029;n1;1;30;PORTO ALEGRE;RS;06/2016;119.348;0;39.236;0;0;0;158.584;0;-56.506;0;0;-91.274;-147.780;10.805;4.142;547;-19.731;-9.007;-4.936;0;3.921;-21.266;-46.330;-35.525;768;-34.757;13.135;0;-21.623;0
CCB BRASIL S.A. - CRÉDITO, FINANCIAMENTOS E INVESTIMENTOS;92764489;CCB;32119;80295;n1;3;14;SAO PAULO;SP;06/2016;151.152;0;1.332;0;0;0;152.484;-89.630;0;0;0;-26.712;-116.342;36.141;5.655;0;-8.125;-14.890;-3.361;-25;1.291;-33.245;-52.700;-16.559;-36;-16.595;5.174;0;-11.421;0
COOPERATIVA DE CRÉDITO DE LIVRE ADMISSÃO DE ASSOCIADOS PIONEIRA DA SERRA GAÚCHA   SICREDI PIONEIRA RS;91586982;;;;b3S;2;9;NOVA PETROPOLIS;RS;06/2016;81.444;0;65.704;0;0;2;147.151;-67.040;-3.896;0;0;-22.463;-93.399;53.752;13.051;9.878;-27.004;-19.314;-673;0;5.021;-13.887;-32.927;20.825;-205;20.619;-932;0;19.688;0
COOPERATIVA DE CRÉDITO E INVESTIMENTO DE LIVRE ADMISSÃO VANGUARDA DA REGIÃO DAS CATARATAS DO IGUAÇU E VALE DO PARAÍBA - SICREDI VANGUARDA PR/SP/RJ;78414067;;;;b3S;2;9;MEDIANEIRA;PR;06/2016;97.942;0;41.504;0;0;80;139.526;-46.711;-10.785;0;0;-14.337;-71.833;67.693;19.673;7.055;-27.675;-24.568;-500;0;2.882;-16.239;-39.373;28.321;94;28.415;-2.102;0;26.313;0
BANCO INDUSTRIAL DO BRASIL S.A.;31895683;INDUSTRIAL DO BRASIL;50988;80477;b1;2;8;SAO PAULO;SP;06/2016;117.169;0;46.898;-42.799;15.814;0;137.082;-101.802;-11.022;0;0;-5.949;-118.773;18.309;5.315;2.218;-25.146;-13.264;-6.351;469;42.030;-116;5.155;23.464;5;23.469;-4.974;0;18.495;-12.000
BRAZILIAN MORTGAGES COMPANHIA HIPOTECARIA;62237367;PAN;31323;80257;n1;2;29;SAO PAULO;SP;06/2016;136.224;0;571;0;0;0;136.795;-99.924;0;0;0;-67.349;-167.273;-30.478;2.195;186;-1.127;-31.410;-1.351;0;1.165;-1.791;-32.132;-62.610;-128;-62.738;21.249;0;-41.489;0
BANCO PSA FINANCE BRASIL S.A.;3502961;PSA FINANCE;51365;80594;b2;3;8;SAO PAULO;SP;06/2016;118.402;0;22.576;-4.272;0;0;136.706;-61.888;-1.269;0;0;-19.595;-82.752;53.954;2.965;7.881;-13.234;-12.809;-4.198;0;4.968;-5.158;-19.585;34.369;-513;33.857;-12.398;-1.135;20.324;-8.844
BANCO A.J. RENNER S.A.;92874270;;;81799;b1;2;8;PORTO ALEGRE;RS;06/2016;116.869;0;16.200;0;0;0;133.069;-68.001;0;0;0;-23.396;-91.398;41.671;5.437;8.505;-15.012;-23.870;-4.294;504;10;-727;-29.446;12.225;15;12.240;-4.832;-685;6.723;0
DAYCOVAL LEASING - BANCO MÚLTIPLO S.A.;43818780;DAYCOVAL;51987;81744;b2;2;8;SAO PAULO;SP;06/2016;1.020;130.634;875;410;0;0;132.939;-3.281;0;-95.797;0;-7.898;-106.976;25.963;55;0;-7.530;-2.643;-1.894;0;3.645;-2.606;-10.973;14.990;-190;14.800;-6.326;-593;7.881;0
BRADESCO S.A. CORRETORA DE TITULOS E VALORES MOBILIARIOS;61855045;BRADESCO;10045;80075;n2;2;15;OSASCO;SP;06/2016;48;0;129.452;-802;0;0;128.699;0;-90;0;0;-108;-199;128.500;89.372;36.410;-37.246;-33.543;-18.981;931;3.816;-4.263;36.497;164.997;-6;164.991;-73.771;0;91.221;0
CREDICOAMO CREDITO RURAL COOPERATIVA;81723108;;;;b3S;2;9;CAMPO MOURAO;PR;06/2016;52.871;0;75.594;0;0;0;128.465;-44.033;-27.066;0;0;-5.636;-76.736;51.729;917;3.869;-8.564;-683;-87;0;5.535;-1.156;-169;51.560;118;51.679;-761;0;50.918;0
ITAU CORRETORA DE VALORES S.A.;61194353;ITAU;10069;80099;n2;2;15;SAO PAULO;SP;06/2016;0;0;128.772;-439;0;0;128.333;0;0;0;0;0;0;128.333;116.705;59.350;-40.704;-47.046;-26.748;1.327;88.476;-22.652;128.709;257.042;-4;257.038;-96.622;-36.954;123.462;0
COOPERATIVA DE CRÉDITO DE LIVRE ADMISSÃO DE ASSOCIADOS SERRO AZUL - SICREDI UNIÃO RS;88894548;;;;b3S;2;9;CERRO LARGO;RS;06/2016;91.226;0;35.779;0;0;127;127.132;-39.962;-9.850;0;0;-14.580;-64.392;62.740;16.497;7.203;-29.782;-17.449;-401;0;4.352;-14.474;-34.053;28.687;1.209;29.895;-1.987;0;27.908;0
COOPERATIVA DE CRÉDITO DE LIVRE ADMISSÃO CENTRO BRASILEIRA LTDA.;37395399;;;;b3S;2;9;GOIANIA;GO;06/2016;106.066;0;20.955;0;0;0;127.020;-43.291;-359;0;0;-21.216;-64.866;62.154;3.962;2.206;-14.957;-13.730;-425;0;160;-814;-23.599;38.556;157;38.713;-921;0;37.792;-14.837
MERCANTIL DO BRASIL FINANCEIRA S.A. - CRÉDITO, FINANCIAMENTO E INVESTIMENTOS;33040601;MERCANTIL DO BRASIL;20152;80123;n1;2;14;BELO HORIZONTE;MG;06/2016;121.047;0;4.319;0;0;0;125.367;-63.978;0;0;0;-16.594;-80.571;44.796;0;46;-2.300;-39.806;-2.860;73;1.807;-5.979;-49.019;-4.223;-60;-4.283;1.396;-1;-2.889;0
SG EQUIPMENT FINANCE S.A. ARRENDAMENTO MERCANTIL;62816426;SOCIETE GENERALE;31859;80264;n1;3;19;SAO PAULO;SP;06/2016;141;221.253;5.954;-102.217;0;0;125.131;-22.602;-3.653;-178.175;0;-2.521;-206.952;-81.821;0;27;-6.669;-4.471;-1.528;0;94.271;-533;81.097;-725;15;-710;-7.699;0;-8.409;0
COOPERATIVA DE CRÉDITO MAXI ALFA DE LIVRE ADMISSÃO DE ASSOCIADOS - SICOOB MAXICRÉDITO;78825270;;;;b3S;2;9;CHAPECO;SC;06/2016;92.331;0;32.627;0;0;0;124.958;-50.697;-3.498;0;0;-38.507;-92.702;32.256;3.305;9.563;-19.222;-17.941;-236;156;512;-7.117;-30.980;1.276;22.432;23.708;-373;0;23.335;-881
BANCO BANDEPE S.A.;10866788;SANTANDER;30379;80185;b1;3;8;SAO PAULO;SP;06/2016;0;0;124.131;0;0;0;124.131;0;0;0;0;0;0;124.131;0;0;0;-1.765;-15.344;37.848;11.272;-75;31.936;156.067;24;156.091;-49.483;0;106.608;0
BANCO MODAL S.A.;30723886;MODAL;51963;81658;b1;2;8;RIO DE JANEIRO;RJ;06/2016;35.367;0;81.982;-616;5.126;0;121.858;-113.441;-3.539;0;0;-5.831;-122.812;-954;11.655;1.409;-13.351;-15.349;-2.988;11.070;2.331;-10.429;-15.652;-16.606;-137;-16.743;12.566;0;-4.176;0
BANCO FORD S.A.;90731688;;;81782;b2;3;8;SAO PAULO;SP;06/2016;93.879;0;27.854;0;0;0;121.733;-80.775;0;0;0;-10.392;-91.167;30.566;0;0;-842;-9.667;-1.629;0;2.243;-2.381;-12.276;18.290;0;18.290;-7.616;0;10.674;0
UNIPRIME NORTE DO PARANA - COOPERATIVA DE ECONOMIA E CRÉDITO MÚTUO DOS MÉDICOS, PROFISSIONAIS DAS CIÊNCIAS E DAS ARTES E EMPRESÁRIOS LTDA.;2398976;;;;b3S;2;9;LONDRINA;PR;06/2016;75.785;0;45.054;0;0;0;120.839;-48.868;-398;0;0;-1.201;-50.467;70.372;987;1.855;-17.611;-10.363;0;0;190;-943;-25.886;44.486;-577;43.908;-35;-814;43.060;-24.314
COOPERATIVA DE CRÉDITO DE LIVRE ADMISSÃO VALE DO PIQUIRI ABCD - SICREDI VALE DO PIQUIRI ABCD PR/SP;81099491;;;;b3S;2;9;PALOTINA;PR;06/2016;76.743;0;41.048;0;0;58;117.849;-38.428;-11.167;0;0;-22.566;-72.162;45.688;13.480;7.366;-24.648;-24.013;-335;0;3.810;-14.514;-38.854;6.833;63;6.897;-968;0;5.928;0
BANCO SEMEAR S.A.;795423;;;81380;b1;2;8;BELO HORIZONTE;MG;06/2016;109.479;0;8.277;0;0;0;117.756;-47.415;0;0;0;-37.749;-85.164;32.592;4.917;4.553;-5.829;-33.818;-4.812;-1;17.757;-10.408;-27.642;4.949;-1.384;3.565;-2.021;-37;1.507;0
SICOOB CREDICOM - COOPERATIVA DE ECONOMIA E CRÉDITO MÚTUO DOS MÉDICOS E PROFISSIONAIS DA ÁREA DE SAÚDE DE MINAS GERAIS LTDA.;42898825;;;;b3S;2;9;BELO HORIZONTE;MG;06/2016;51.332;0;66.191;0;0;0;117.523;-68.681;0;0;0;-383;-69.064;48.459;3.534;2.482;-14.710;-13.957;-238;0;3.463;-1.387;-20.813;27.646;37;27.683;-353;0;27.330;0
COOPERATIVA CENTRAL DE CRÉDITO DO NORTE/NORDESTE - CENTRAL SICREDI NORTE/NORDESTE;70119680;;;;b3C;2;9;CABEDELO;PB;06/2016;6.633;0;109.863;0;0;0;116.496;-109.863;0;0;0;-369;-110.232;6.263;238;0;-6.797;12.133;-23;33;8;-2.700;2.892;9.155;-56;9.099;-2;-196;8.901;-7.406
COOPERATIVA CENTRAL DE CRÉDITO URBANO - CECRED;5463212;;;;b3C;2;9;BLUMENAU;SC;06/2016;9.545;0;104.193;0;0;0;113.738;-112.007;-2.000;0;0;270;-113.738;0;0;0;-16.768;16.908;-86;0;0;-55;0;0;0;0;0;0;0;0
BRB - CREDITO, FINANCIAMENTO E INVESTIMENTO S/A;33136888;BRB;31976;80288;n1;1;14;BRASILIA;DF;06/2016;112.422;0;4;0;0;0;112.426;-69.023;0;0;0;-22.086;-91.108;21.318;588;3;-385;-9.639;-1.931;41;4.042;-14.684;-21.965;-647;-125;-772;356;-48;-464;0
COOPERATIVA DE CRÉDITO DE LIVRE ADMISSÃO DE ASSOCIADOS DE CARLOS BARBOSA - SICREDI SERRANA RS;90608712;;;;b3S;2;9;CARLOS BARBOSA;RS;06/2016;59.965;0;49.638;0;0;0;109.604;-50.827;-5.392;0;0;-11.252;-67.472;42.132;13.154;3.584;-19.899;-12.902;-349;0;3.649;-9.250;-22.013;20.119;77;20.196;-1.795;0;18.401;0
STANDARD CHARTERED BANK (BRASIL) S.A. ? BANCO DE INVESTIMENTO;11932017;;;81373;b2;3;13;SAO PAULO;SP;06/2016;0;0;77.913;-7.488;36.847;0;107.272;-74.394;-972;0;0;0;-75.366;31.906;26.545;0;-35.089;-11.212;-3.916;0;41.595;-19.326;-1.403;30.504;0;30.504;-13.401;-891;16.212;0
COOPERATIVA DE CRÉDITO DE LIVRE ADMISSÃO DE ASSOCIADOS DA REGIÃO DOS VALES - SICREDI REGIÃO DOS VALES RS;89126130;;;;b3S;2;9;ENCANTADO;RS;06/2016;43.461;0;63.086;0;0;3;106.550;-49.662;-2.882;0;0;-9.245;-61.789;44.761;8.959;1.943;-15.196;-6.027;-185;0;3.405;-5.694;-12.795;31.967;44;32.011;-1.023;0;30.988;0
AGÊNCIA DE FOMENTO DO PARANÁ S.A.;3584906;;;81115;n1;1;30;CURITIBA;PR;06/2016;58.136;0;47.033;0;0;0;105.169;0;-4.859;0;0;-9.466;-14.325;90.844;635;667;-13.684;-14.580;-4.799;0;1.577;-1.577;-31.760;59.084;0;59.084;-7.232;0;51.853;-48.204
DESENVOLVE SP - AGÊNCIA DE FOMENTO DO ESTADO DE SÃO PAULO S.A.;10663610;;;81153;n1;1;30;SAO PAULO;SP;06/2016;82.458;0;18.850;0;0;0;101.308;0;-12.612;0;0;-27.364;-39.976;61.332;0;1.399;-16.772;-9.468;-4.657;0;3.495;-520;-26.523;34.809;0;34.809;-13.594;-1.305;19.910;-9.943
COOPERATIVA DE CRÉDITO DE LIVRE ADMISSÃO DE ASSOCIADOS DO CENTRO SUL DO MATO GROSSO DO SUL - SICREDI CENTRO-SUL MS;26408161;;;;b3S;2;9;DOURADOS;MS;06/2016;70.751;0;30.493;0;0;14;101.258;-25.827;-6.647;0;0;-13.261;-45.735;55.523;9.573;7.326;-18.916;-14.154;-295;0;2.073;-9.871;-24.264;31.258;-174;31.085;-885;0;30.199;0
COOPERATIVA DE CRÉDITO DE LIVRE ADMISSÃO LESTE CAPIXABA - SICOOB LESTE CAPIXABA;32430233;;;;b3S;2;9;LINHARES;ES;06/2016;81.043;0;18.288;0;0;0;99.331;-27.210;-6.653;0;0;-27.081;-60.945;38.386;4.589;4.216;-8.006;-9.659;-225;0;4.563;-1.757;-6.279;32.107;-289;31.818;-611;-472;30.735;0
BANCO BBM S/A;15114366;BBM;30207;80161;b1;2;8;SALVADOR;BA;06/2016;114.394;0;108.166;-126.977;0;0;95.583;-127.712;-9.608;0;-28.488;-20.683;-186.490;-90.907;7.294;41;-21.553;-15.732;-3.285;9.447;172.873;-26.298;122.788;31.881;162;32.042;-2.691;-8.373;20.979;-20.583
COOPERATIVA DE CRÉDITO DOS MÉDICOS, PROFISSIONAIS DA ÁREA DA SAÚDE, PROFESSORES, CONTABILISTAS E EMPRESÁRIOS DA GRANDE FLORIANÓPOLIS LTDA. - UNICRED FLORIANÓPOLIS;74064502;;;;b3S;2;9;FLORIANOPOLIS;SC;06/2016;63.978;0;28.510;0;0;0;92.488;-43.844;0;0;0;-6.896;-50.741;41.747;5.818;609;-9.452;-14.525;-161;0;612;-532;-17.630;24.116;30;24.147;-329;0;23.818;-10.372
COOPERATIVA DE CRÉDITO DE LIVRE ADMISSÃO DE ASSOCIADOS PLANALTO   SICREDI PLANALTO RS/SC;88038260;;;;b3S;2;9;CRUZ ALTA;RS;06/2016;68.326;0;24.049;0;0;87;92.462;-21.065;-12.608;0;0;2.788;-30.885;61.577;8.552;2.857;-11.962;-4.927;-206;0;1.729;-6.113;-10.069;51.507;16;51.524;-1.144;0;50.380;0
COOPERATIVA CENTRAL DE CREDITO DO ESPIRITO SANTO - SICOOB CENTRAL ES;32428294;;;;b3C;2;9;VITORIA;ES;06/2016;9.058;0;81.961;0;0;0;91.019;-79.578;-6.024;0;0;164;-85.438;5.581;203;0;-4.606;-3.272;-42;50;11.128;-3.292;168;5.749;33;5.782;-70;-121;5.590;0
HSBC BRASIL S.A. - BANCO DE INVESTIMENTO;53518684;HSBC;51152;80525;b2;3;13;CURITIBA;PR;06/2016;0;0;90.965;0;0;0;90.965;0;0;0;0;0;0;90.965;0;0;-25.005;7.471;-4.421;0;3.874;-1.160;-19.241;71.724;0;71.724;-33.084;-672;37.968;0
COOPERATIVA DE CRÉDITO DE LIVRE ADMISSÃO DE ASSOCIADOS DO NORTE DO RIO GRANDE DO SUL E OESTE DE SANTA CATARINA - SICREDI NORTE RS/SC;87780268;;;;b3S;2;9;ERECHIM;RS;06/2016;64.100;0;24.541;0;0;63;88.704;-32.735;-6.938;0;0;-10.305;-49.979;38.725;12.065;3.827;-18.070;-13.156;-685;0;3.239;-10.277;-23.057;15.668;252;15.919;-1.479;0;14.440;0
CENTRAL DAS COOPERATIVAS DE CREDITO UNICOOB - SICOOB CENTRAL UNICOOB;5036532;;;;b3C;2;9;MARINGA;PR;06/2016;267;0;87.592;0;0;0;87.859;-84.522;0;0;0;9;-84.513;3.346;3;0;-9.927;-6.053;-1;-1.988;14.652;-2.697;-6.013;-2.667;3;-2.664;-1;0;-2.665;0
COOPERATIVA DE CRÉDITO DE LIVRE ADMISSÃO DE ASSOCIADOS SORRISO - SICREDI CELEIRO DO MT;26555235;;;;b3S;2;9;SORRISO;MT;06/2016;47.723;0;39.203;0;0;0;86.926;-24.251;-9.974;0;0;-5.407;-39.632;47.294;12.065;2.844;-11.799;-10.019;-314;0;6.407;-11.813;-12.630;34.664;116;34.780;-1.502;0;33.277;0
COOPERATIVA DE CRÉDITO DE LIVRE ADMISSÃO DE ASSOCIADOS DA REGIÃO CENTRO DO RGS - SICREDI REGIÃO CENTRO;95594941;;;;b3S;2;9;SANTA MARIA;RS;06/2016;58.538;0;28.188;0;0;26;86.752;-27.755;-9.841;0;0;-14.720;-52.316;34.436;9.962;5.009;-17.729;-10.229;-297;0;3.850;-8.760;-18.195;16.240;72;16.312;-1.371;0;14.941;0
CITIBANK LEASING S.A. - ARRENDAMENTO MERCANTIL;34112128;CITIBANK;30403;80192;n1;3;19;SAO PAULO;SP;06/2016;3.492;77.567;3.491;0;0;0;84.550;-6.058;0;-60.278;0;-1.487;-67.823;16.727;0;0;-405;-845;-685;0;2.976;-1.198;-156;16.571;0;16.571;-7.590;-85;8.895;0
LEASEPLAN ARRENDAMENTO MERCANTIL S.A.;4836002;;;82963;n1;3;19;BARUERI;SP;06/2016;0;84.292;235;0;0;0;84.526;0;-14.274;-48.581;0;-205;-63.059;21.467;2.102;0;-8.334;-3.797;-1.376;0;4.021;-131;-7.515;13.952;-13;13.939;-3.603;0;10.336;0
SCANIA BANCO S.A.;11417016;;;80776;b2;3;8;SAO BERNARDO DO CAMPO;SP;06/2016;66.459;2.501;15.510;0;0;0;84.471;-5.804;-26.393;-2.557;0;-18.212;-52.966;31.505;90;852;-9.723;-8.103;-2.065;914;11;-1.298;-19.321;12.184;-298;11.886;-5.301;0;6.585;0
BANCO LUSO BRASILEIRO S.A.;59118133;;;81706;b1;2;8;SAO PAULO;SP;06/2016;77.419;0;6.963;-715;0;0;83.667;-51.558;-947;0;-3.802;-7.771;-64.078;19.589;1.377;29;-11.566;-8.533;-2.111;0;14.174;-5.216;-11.846;7.742;173;7.915;6.918;0;14.834;0
COOPERATIVA CENTRAL DE CRÉDITO DE GOIÁS LTDA;33416108;;;;b3C;2;9;GOIANIA;GO;06/2016;551;0;81.862;0;0;0;82.413;-80.205;0;0;0;5;-80.200;2.214;38;0;-3.214;-1.941;-4;3.592;11.868;-741;9.600;11.813;1;11.812;-10;0;11.802;-3.755
CREDIARE S.A. - CRÉDITO, FINANCIAMENTO E INVESTIMENTO;5676026;BRADESCO;10045;80075;n1;2;14;OSASCO;SP;06/2016;82.257;0;6;0;0;0;82.263;-14.727;0;0;-73;-19.155;-33.954;48.309;12.317;2.320;-4.803;-33.774;-4.252;0;367;-2.060;-29.886;18.423;119;18.542;-8.565;0;9.977;0
COOPERATIVA DE CRÉDITO DE LIVRE ADMISSÃO SUL-SERRANA DO ESPÍRITO SANTO;815319;;;;b3S;2;9;VENDA NOVA DO IMIGRANTE;ES;06/2016;66.088;0;15.786;0;0;0;81.874;-27.664;-3.973;0;0;-15.451;-47.088;34.786;3.816;4.356;-10.512;-10.086;-234;0;4.778;-1.778;-9.660;25.126;25;25.151;-636;-589;23.926;0
COOPERATIVA CENTRAL DE ECONOMIA E CRÉDITO MÚTUO DAS UNICRED’S DE SANTA CATARINA E DO PARANÁ LTDA – UNICRED CENTRAL SC/PR;543968;;;;b3C;2;9;FLORIANOPOLIS;SC;06/2016;0;0;81.048;0;0;0;81.048;-77.194;0;0;0;0;-77.194;3.855;272;1;-4.387;2.262;-15;0;0;-7;-1.874;1.981;8;1.989;-1;0;1.988;0
COOPERATIVA DE CRÉDITO E INVESTIMENTO DE LIVRE ADMISSÃO CAMPOS GERAIS - SICREDI CAMPOS GERAIS PR/SP;81466286;;;;b3S;2;9;PONTA GROSSA;PR;06/2016;53.768;0;27.155;0;0;0;80.923;-29.341;-7.312;0;0;-6.227;-42.879;38.044;9.254;4.190;-14.493;-12.988;-256;0;2.750;-8.596;-20.140;17.904;935;18.840;-1.115;0;17.724;0
BANCO GUANABARA S.A.;31880826;;;81672;b1;2;8;RIO DE JANEIRO;RJ;06/2016;37.484;176;42.987;44;0;0;80.691;-52.957;-1.243;-148;0;-4.854;-59.202;21.489;366;1.802;-5.216;-4.252;-1.305;0;136;-141;-8.610;12.879;-66;12.813;-2.978;-196;9.639;-4.775
ITAÚ DISTRIBUIDORA DE TÍTULOS E VALORES MOBILIÁRIOS S.A.;33311713;ITAU;10069;80099;n2;2;16;SAO PAULO;SP;06/2016;0;0;80.115;0;0;0;80.115;0;0;0;0;0;0;80.115;27.475;0;0;-900;-6.560;0;63;-1.268;18.810;98.925;2;98.926;-27.055;0;71.871;-38.786
COOPERATIVA DE POUPANÇA E CRÉDITO DE LIVRE ADMISSÃO DA REGIÃO DE MARINGÁ - SICOOB METROPOLITANO;3459850;;;;b3S;2;9;MARINGA;PR;06/2016;55.950;0;22.986;0;0;0;78.936;-32.399;-1.387;0;0;-7.558;-41.345;37.592;6.495;5.624;-15.774;-17.813;-210;0;1.728;-4.029;-23.979;13.612;-447;13.165;-493;0;12.672;-5.172
J.P. MORGAN S.A. - DISTRIBUIDORA DE TÍTULOS E VALORES MOBILIÁRIOS;33851205;JP MORGAN CHASE;20107;80116;n2;3;16;SAO PAULO;SP;06/2016;0;0;78.833;0;0;0;78.833;0;0;0;0;0;0;78.833;20.112;0;-4.453;-5.653;-6.386;0;1.291;-81;4.830;83.663;0;83.663;-37.658;0;46.004;0
BANCO SUMITOMO MITSUI BRASILEIRO S.A.;60518222;;;81720;b1;3;8;SAO PAULO;SP;06/2016;96.518;0;165.474;-183.390;0;0;78.602;-126.685;-17.426;0;-79.646;573;-223.183;-144.581;11.525;4;-23.522;-12.509;-5.350;4.815;431.585;-213.254;193.294;48.713;26;48.739;-26.308;-438;21.993;0
COOPERATIVA CENTRAL DE CRÉDITO DE MATO GROSSO DO SUL, GOIÁS, DISTRITO FEDERAL E TOCANTINS - CENTRAL SICREDI BRASIL CENTRAL;33737818;;;;b3C;2;9;GOIANIA;GO;06/2016;392;0;77.514;0;0;0;77.906;-77.488;0;0;0;17;-77.471;435;0;0;-4.118;17.749;0;73;611;-14.678;-362;73;0;72;0;0;72;0
AGÊNCIA DE FOMENTO DO ESTADO DE SANTA CATARINA S.A.-BADESC;82937293;;;81074;n1;1;30;FLORIANOPOLIS;SC;06/2016;53.064;0;24.610;0;0;0;77.674;0;-15.958;0;0;-25.005;-40.963;36.711;6;1.666;-19.102;-4.165;-2.760;0;581;-517;-24.292;12.420;-95;12.325;-9.526;0;2.798;0
UNICRED JOÃO PESSOA - COOPERATIVA DE CRÉDITO DE LIVRE ADMISSÃO DE ASSOCIADOS DE JOÃO PESSOA LTDA.;35571249;;;;b3S;2;9;JOAO PESSOA;PB;06/2016;58.254;0;18.610;0;0;0;76.864;-32.858;0;0;0;-8.498;-41.356;35.508;880;1.713;-6.051;-3.219;-67;3;1.603;-3.401;-8.540;26.968;-268;26.700;-58;-265;26.377;-13.655
COOPERATIVA DE CRÉDITO DE LIVRE ADMISSÃO DE ASSOCIADOS NORTE MATO-GROSSENSE - SICREDI NORTE MT;37442605;;;;b3S;2;9;COLIDER;MT;06/2016;60.164;0;15.078;0;0;0;75.242;-10.478;-9.515;0;0;-15.595;-35.588;39.654;9.275;5.439;-14.755;-13.306;-267;0;2.929;-9.155;-19.840;19.814;293;20.107;-598;0;19.509;0
BANCO RENDIMENTO S.A.;68900810;RENDIMENTO;51468;80659;b1;2;2;SAO PAULO;SP;06/2016;52.509;0;26.282;-30.309;26.543;0;75.026;-37.027;-952;0;0;-7.676;-45.655;29.371;16.459;697;-32.776;-30.684;-5.472;924;74.953;-34.485;-10.384;18.987;2.043;21.030;-6.321;-1.434;13.275;-5.300
BANCO FATOR S.A.;33644196;FATOR;50122;80350;b1;2;8;SAO PAULO;SP;06/2016;8.119;0;48.898;17.015;0;0;74.033;-50.521;0;0;0;702;-49.819;24.213;12.215;0;-14.788;-9.304;-1.963;-4.861;7.979;-8.809;-19.531;4.683;-21;4.661;-856;-4;3.801;0
COOPERATIVA DE ECONOMIA E CREDITO MUTUO DOS MEDICOS DE PORTO ALEGRE LTDA-UNICRED PORTO ALEGRE;94433109;;;;b3S;2;9;PORTO ALEGRE;RS;06/2016;45.817;0;27.850;0;0;0;73.667;-39.605;0;0;0;-5.909;-45.514;28.153;3.577;396;-7.507;-9.766;-133;0;16;-414;-13.829;14.324;3;14.327;-468;-380;13.479;-4.312
PORTOCRED S.A. - CREDITO, FINANCIAMENTO E INVESTIMENTO;1800019;;;83560;n1;2;14;PORTO ALEGRE;RS;06/2016;70.999;0;2.350;0;0;0;73.349;-12.840;0;0;0;-24.380;-37.220;36.129;1.349;4.423;-13.763;-20.973;-3.260;0;413;-2.265;-34.077;2.052;0;2.052;1.882;-875;3.060;0
COOPERATIVA DE CRÉDITO DE LIVRE ADMISSÃO NORTE DO ESPÍRITO SANTO - SICOOB NORTE;31815293;;;;b3S;2;9;SAO GABRIEL DA PALHA;ES;06/2016;64.317;0;8.245;0;0;0;72.562;-15.190;-10.170;0;0;-15.219;-40.578;31.983;3.367;3.390;-8.123;-8.393;-225;0;4.570;-1.355;-6.768;25.215;58;25.273;-584;-450;24.240;0
COOPERATIVA DE CRÉDITO DE LIVRE ADMISSÃO DE ASSOCIADOS PAMPA GAÚCHO - SICREDI PAMPA GAÚCHO;87733077;;;;b3S;2;9;ITAQUI;RS;06/2016;55.634;0;16.825;0;0;0;72.459;-15.837;-8.591;0;0;-7.202;-31.630;40.829;6.214;2.780;-11.683;-7.408;-218;0;2.061;-5.509;-13.764;27.065;25;27.090;-746;0;26.345;0
BANCO CREDIT SUISSE (BRASIL) S.A.;32062580;CREDIT SUISSE;30771;80219;b1;3;8;SAO PAULO;SP;06/2016;73.914;0;17.908;-20.144;0;0;71.677;-67.364;-1;0;0;-1.365;-68.730;2.947;0;0;-6.584;-3.797;-1.205;0;4.130;-687;-8.144;-5.196;1.872;-3.324;251;0;-3.073;0
SOROCRED   CRÉDITO, FINANCIAMENTO E INVESTIMENTO S.A.;4814563;;;83539;n1;2;14;BARUERI;SP;06/2016;64.348;0;6.660;0;0;0;71.008;-27.450;0;0;0;-32.513;-59.963;11.045;576;8.142;-2.401;-16.165;-2.898;0;877;-3.348;-15.217;-4.172;-729;-4.901;2.720;-126;-2.308;-1.104
BANCO MÁXIMA S.A.;33923798;MÁXIMA;50201;80367;b1;2;2;RIO DE JANEIRO;RJ;06/2016;50.714;0;19.887;117;0;0;70.718;-71.672;0;0;-22;-8.336;-80.031;-9.313;1.184;12;-10.065;-13.370;-886;-1.345;10.054;-9.376;-23.793;-33.106;40.182;7.077;-3.971;0;3.106;0
COOPERATIVA DE CRÉDITO DE LIVRE ADMISSÃO DE ASSOCIADOS SÃO MIGUEL DO OESTE - SICOOB SÃO MIGUEL SC;81607046;;;;b3S;2;9;SAO MIGUEL D'OESTE;SC;06/2016;50.448;0;20.159;0;0;18;70.624;-30.807;-3.936;0;0;-15.745;-50.488;20.135;5.160;2.321;-10.277;-8.247;-311;66;7.058;-2.715;-6.946;13.189;-416;12.773;-746;0;12.027;0
UNIPRIME CENTRAL - CENTRAL INTERESTADUAL DE COOPERATIVAS DE CREDITO LTDA.;3046391;;;;b3C;2;9;LONDRINA;PR;06/2016;579;0;69.679;0;0;0;70.258;-68.779;-579;0;0;0;-69.358;899;50;0;-2.320;-2.139;-11;-32;3.554;-5;-903;-4;9;5;-5;0;0;0
SAX S.A. - CRÉDITO, FINANCIAMENTO E INVESTIMENTO;7747410;;;83515;n1;2;14;BARUERI;SP;06/2016;67.645;0;1.218;0;0;0;68.862;-2.107;0;0;0;-22.765;-24.872;43.990;2.586;5.490;-1.588;-26.316;-3.544;0;100;-1.388;-24.659;19.331;0;19.331;-8.645;0;10.686;0
COOPERATIVA DE CRÉDITO DE LIVRE ADMISSÃO DE ASSOCIADOS DO VALE DO JURUENA - SICREDI UNIVALES MT/RO;70431630;;;;b3S;2;9;JUINA;MT;06/2016;55.804;0;12.571;0;0;0;68.375;-6.944;-6.914;0;0;-10.620;-24.477;43.898;6.961;5.740;-14.543;-11.533;-214;0;2.706;-9.576;-20.459;23.439;464;23.903;-555;0;23.348;0
CENTRAL DE COOPERATIVAS DE ECONOMIA E CRÉDITO MÚTUO DO ESTADO DO RIO GRANDE DO SUL LTDA - UNICRED CENTRAL RS;1634601;;;;b3C;2;9;PORTO ALEGRE;RS;06/2016;0;0;68.316;0;0;0;68.316;-66.442;0;0;0;2;-66.440;1.876;9;48;-3.583;612;-3;0;0;-1;-2.918;-1.043;1.069;26;-26;0;0;0
COOPERATIVA DE CRÉDITO DE LIVRE ADMISSÃO DE ASSOCIADOS DO SUDOESTE DE MATO GROSSO - SICREDI SUDOESTE MT;32995755;;;;b3S;2;9;TANGARA DA SERRA;MT;06/2016;54.173;0;14.101;0;0;0;68.274;-13.714;-3.515;0;0;-12.930;-30.159;38.115;8.528;4.031;-12.651;-10.757;-246;0;2.280;-10.990;-19.804;18.311;287;18.598;-851;0;17.746;0
COOPERATIVA DE CRÉDITO DE LIVRE ADMISSÃO SUL DO ESPÍRITO SANTO - SICOOB SUL;32467086;;;;b3S;2;9;CACHOEIRO DE ITAPEMIRIM;ES;06/2016;50.202;0;16.678;0;0;0;66.881;-20.970;-3.183;0;0;-7.341;-31.494;35.387;2.770;3.275;-7.108;-7.532;-183;0;3.250;-1.243;-6.771;28.615;-857;27.759;-492;-322;26.945;0
BANCO OURINVEST S.A.;78632767;OURINVEST;51901;81012;b2;2;8;SAO PAULO;SP;06/2016;1.104;0;17.961;47.605;0;0;66.670;-21.456;-1.020;0;-8.862;1;-31.339;35.331;3.420;1.052;-12.445;-27.978;-2.298;1.348;7.830;-112;-29.183;6.148;0;6.148;0;-6;6.142;0
COOPERATIVA DE CRÉDITO DE LIVRE ADMISSÃO DO SUDOESTE GOIANO;24795049;;;;b3S;2;9;RIO VERDE;GO;06/2016;45.537;0;20.660;0;0;0;66.197;-14.853;-3.363;0;0;-9.293;-27.509;38.688;923;459;-6.672;-6.270;-95;0;3.193;-1.539;-10.000;28.688;1;28.689;-72;0;28.617;0
NEGRESCO S.A. - CREDITO, FINANCIAMENTO E INVESTIMENTOS;4379829;;;83450;n1;2;14;CURITIBA;PR;06/2016;64.464;0;694;0;0;0;65.158;-8.166;0;0;0;-29.081;-37.247;27.911;2.281;0;-766;-20.770;-2.671;0;1.699;-5.001;-25.228;2.682;0;2.682;-1.254;-22;1.406;0
COOPERATIVA DE CRÉDITO DE LIVRE ADMISSÃO DE ASSOCIADOS DO ARAGUAIA E XINGU - SICREDI ARAXINGU;33021064;;;;b3S;2;9;CANARANA;MT;06/2016;46.881;0;18.131;0;0;0;65.012;-7.730;-16.980;0;0;-9.469;-34.179;30.833;7.692;3.248;-12.057;-6.953;-160;0;3.678;-9.945;-14.497;16.337;71;16.408;-355;0;16.053;0
COOPERATIVA CENTRAL DE CRÉDITO RURAL COM INTERAÇÃO SOLIDÁRIA - CENTRAL CRESOL BASER;1401771;;;;b3C;2;9;FRANCISCO BELTRAO;PR;06/2016;25.974;0;38.988;0;0;0;64.963;-33.562;-15.879;0;0;-144;-49.584;15.378;0;0;-8.492;-3.891;0;1.283;5.083;-5.182;-11.198;4.180;-590;3.590;0;-214;3.376;0
COOPERATIVA DE CRÉDITO DE LIVRE ADMISSÃO DO NORTE DO PARANÁ - SICOOB NORTE DO PARANÁ;5582619;;;;b3S;2;9;LONDRINA;PR;06/2016;51.892;0;12.883;0;0;0;64.775;-25.368;-2.803;0;0;-16.962;-45.133;19.642;3.725;3.820;-10.859;-13.848;-160;0;1.602;-2.352;-18.073;1.569;-591;978;-200;0;778;0
DESENBAHIA - AGENCIA DE FOMENTO DO ESTADO DA BAHIA S.A.;15163587;;;81067;n1;1;30;SALVADOR;BA;06/2016;37.325;0;26.960;0;0;0;64.286;0;-20.645;0;0;-6.510;-27.155;37.131;1.232;0;-26.573;-7.252;-3.931;0;21.364;-12.861;-28.021;9.110;1.346;10.455;-5.461;-823;4.171;-13.160
COOPERATIVA DE CRÉDITO DE LIVRE ADMISSÃO DE ASSOCIADOS DO LESTE DE SANTA CATARINA E DO PARANÁ LTDA - UNICRED UNIÃO;74114042;;;;b3S;2;9;ITAJAI;SC;06/2016;51.215;0;12.855;0;0;0;64.070;-34.816;0;0;0;4.170;-30.647;33.423;5.684;1.232;-9.697;-14.128;-203;0;400;-3.141;-19.854;13.569;-1.638;11.931;-20;0;11.911;-3.936
COOPERATIVA DE CRÉDITO E DE INVESTIMENTO DE LIVRE ADMISSÃO FRONTEIRAS DO IGUAÇU E SUDESTE PAULISTA - SICREDI FRONTEIRAS PR/SC/SP;82527557;;;;b3S;2;9;CAPANEMA;PR;06/2016;50.079;0;13.945;0;0;31;64.055;-16.709;-4.397;0;0;-14.450;-35.557;28.499;8.637;3.670;-16.914;-11.298;-174;0;2.053;-6.958;-20.984;7.514;-8;7.507;-710;0;6.797;0
MORGAN STANLEY CORRETORA DE TÍTULOS E VALORES MOBILIÁRIOS S.A.;4323351;MORGAN STANLEY;51413;80628;n2;3;15;SAO PAULO;SP;06/2016;0;0;63.742;0;0;0;63.742;0;0;0;0;0;0;63.742;77.196;0;-42.609;-14.520;-10.910;0;7.173;-2.061;14.270;78.012;0;78.012;-35.203;0;42.809;0
COOPERATIVA DE ECONOMIA E CRÉDITO MÚTUO DOS MÉDICOS E DEMAIS PROFISSIONAIS DA ÁREA DE SAÚDE DE CAMPINAS E REGIÃO LTDA. - UNICRED CAMPINAS;71884498;;;;b3S;2;9;CAMPINAS;SP;06/2016;36.348;0;27.298;0;0;0;63.646;-35.928;0;0;0;-3.746;-39.674;23.971;1.169;159;-4.660;-5.273;-5;0;43;-2.296;-10.863;13.109;20;13.128;-44;-246;12.838;0
COOPERATIVA DE CRÉDITO DE LIVRE ADMISSÃO DE ASSOCIADOS ALTO URUGUAI - SICREDI ALTO URUGUAI RS/SC;87733770;;;;b3S;2;9;RODEIO BONITO;RS;06/2016;45.791;0;17.335;0;0;105;63.231;-21.881;-3.523;0;0;-6.724;-32.127;31.103;7.476;3.074;-14.260;-8.646;-169;0;1.909;-5.664;-16.280;14.823;45;14.868;-707;0;14.161;0
COOPERATIVA DE CRÉDITO DE LIVRE ADMISSÃO - SICOOB CREDICOONAI;53923116;;;;b3S;2;9;RIBEIRAO PRETO;SP;06/2016;52.475;0;10.321;0;0;201;62.997;-22.907;-11.209;0;0;-3.650;-37.766;25.231;1.035;1.485;-9.349;-9.436;-86;0;3.303;-1.692;-14.741;10.490;0;10.490;-141;-710;9.639;0
BEXS BANCO DE CÂMBIO S/A;13059145;BEXS;51743;80862;b2;2;39;SAO PAULO;SP;06/2016;0;0;1.970;0;60.948;0;62.917;0;0;0;0;0;0;62.917;0;0;-5.037;-30.040;-2.926;0;3;-310;-38.311;24.607;0;24.607;-10.687;-1.615;12.306;0
BRASIL PLURAL S.A. BANCO MÚLTIPLO;45246410;BRASIL PLURAL;51839;80941;b1;2;8;RIO DE JANEIRO;RJ;06/2016;8.512;0;40.716;8.007;5.617;0;62.851;-39.626;-356;0;0;-2.020;-42.002;20.849;8.734;78;-11.455;-10.635;-2.118;2.266;343;-5.080;-17.867;2.983;0;2.983;-4.325;-1.688;-3.030;0
COOPERATIVA DE CRÉDITO DE LIVRE ADMISSÃO DE ASSOCIADOS OURO BRANCO - SICREDI OURO BRANCO RS;87853206;;;;b3S;2;9;TEUTONIA;RS;06/2016;40.582;0;21.980;0;0;0;62.562;-23.735;-4.103;0;0;-6.088;-33.926;28.636;9.051;2.313;-13.038;-8.368;-235;0;1.981;-9.295;-17.591;11.045;-75;10.970;-1.133;0;9.837;0
BANCO TRICURY S.A.;57839805;;;81696;b2;2;8;SAO PAULO;SP;06/2016;39.248;0;23.143;0;0;0;62.391;-30.801;0;0;0;-14.049;-44.850;17.541;86;215;-4.036;-3.765;-1.576;6.788;386;-251;-2.152;15.389;501;15.890;-3.866;-486;11.539;0
COOPERATIVA CENTRAL DE ECONOMIA E CRÉDITO MÚTUO DAS UNICREDS DO ESTADO DE SÃO PAULO - UNICRED CENTRAL SP;73085573;;;;b3C;2;9;SAO PAULO;SP;06/2016;1.178;0;60.834;0;0;0;62.011;-61.051;0;0;0;74;-60.976;1.035;101;0;-3.418;-1.633;-19;0;3.884;-14;-1.099;-64;403;339;0;0;339;0
CONFIDENCE CORRETORA DE CÂMBIO S.A.;4913129;CONFIDENCE;51671;80783;n2;2;21;SAO PAULO;SP;06/2016;0;0;75;1.609;60.220;0;61.904;0;0;0;0;0;0;61.904;5.566;0;-31.773;-35.808;-3.711;0;3.278;-5.596;-68.045;-6.141;-538;-6.679;-196;0;-6.875;0
CCB BRASIL ARRENDAMENTO MERCANTIL S/A;69720910;CCB;32119;80295;n1;3;19;SAO PAULO;SP;06/2016;0;51.261;9.997;0;0;0;61.258;0;0;-44.081;0;5.734;-38.347;22.911;0;399;-488;-4.167;-1.594;0;250;-200;-5.802;17.109;398;17.507;-7.845;0;9.662;0
COOPERATIVA DE CRÉDITO DE LIVRE ADMISSÃO DO SUDOESTE DE MINAS GERAIS E NORDESTE DE SÃO PAULO LTDA - SICOOB AGROCREDI;42873828;;;;b3S;2;9;GUAXUPE;MG;06/2016;37.794;0;21.873;0;0;0;59.667;-20.114;-6.505;0;0;-4.416;-31.035;28.632;2.751;2.438;-10.968;-8.672;-208;0;10.815;-941;-4.785;23.847;16;23.863;-613;0;23.250;-1.331
COOPERATIVA DE CRÉDITO DE LIVRE ADMISSÃO DE ASSOCIADOS ALTOS DA SERRA - SICREDI ALTOS DA SERRA RS/SC;92555150;;;;b3S;2;9;TAPEJARA;RS;06/2016;39.004;0;19.534;0;0;38;58.576;-18.019;-6.018;0;0;-5.772;-29.809;28.767;7.169;3.578;-12.885;-8.328;-189;0;2.032;-5.430;-14.053;14.715;-148;14.566;-841;0;13.726;0
BANCO DE DESENVOLVIMENTO DO ESPIRITO SANTO S.A.;28145829;;;81304;b4;1;5;VITORIA;ES;06/2016;31.351;0;26.523;0;0;0;57.874;-176;-11.244;0;0;-24.387;-35.807;22.067;474;866;-18.253;-8.422;-2.222;0;4.686;-1.667;-24.538;-2.471;-1.228;-3.699;599;0;-3.100;0
COOPERATIVA DE CRÉDITO DE LIVRE ADMISSÃO DE ASSOCIADOS DA ZONA SUL - SICREDI ZONA SUL RS;90497256;;;;b3S;2;9;PELOTAS;RS;06/2016;40.668;0;16.509;0;0;6;57.183;-16.672;-4.733;0;0;-9.481;-30.886;26.297;7.289;3.693;-11.671;-7.960;-205;0;2.156;-7.108;-13.807;12.490;-104;12.386;-712;0;11.674;0
COOPERATIVA DE CRÉDITO DE LIVRE ADMISSÃO DA REGIÃO DE GUARIBA;44469161;;;;b3S;2;9;GUARIBA;SP;06/2016;23.975;0;33.145;0;0;0;57.120;-28.724;-9.180;0;0;-4.562;-42.465;14.655;1.322;143;-3.731;-2.419;-39;0;2.711;-909;-2.921;11.734;9;11.744;-106;0;11.637;0
COOPERATIVA DE CRÉDITO DE LIVRE ADMISSÃO DE ASSOCIADOS UNIÃO DOS ESTADOS DE MATO GROSSO DO SUL, TOCANTINS E OESTE DA BAHIA - SICREDI UNIÃO MS/TO;24654881;;;;b3S;2;9;CAMPO GRANDE;MS;06/2016;41.541;0;15.574;0;0;0;57.115;-17.564;-1.414;0;0;-13.401;-32.379;24.735;6.114;4.801;-11.813;-10.908;-158;0;5.366;-13.443;-20.041;4.694;-60;4.634;-490;0;4.144;0
COOPERATIVA DE CRÉDITO DE LIVRE ADMISSÃO DO CENTRO SUL RONDONIENSE - SICOOB CREDIP.;2015588;;;;b3S;2;9;PIMENTA BUENO;RO;06/2016;45.395;0;11.070;0;0;0;56.465;-15.731;-2.954;0;0;-6.736;-25.422;31.043;4.800;1.668;-12.651;-10.366;-227;0;475;-1.247;-17.547;13.496;186;13.682;-310;0;13.372;-3.931
COTACAO DISTRIBUIDORA DE TITULOS E VALORES MOBILIARIOS S.A;17354911;RENDIMENTO;51468;80659;n2;2;16;SAO PAULO;SP;06/2016;0;0;739;0;55.474;0;56.214;0;0;0;0;0;0;56.214;7.831;0;-25.079;-18.534;-3.369;29;11.266;-18.177;-46.032;10.181;-281;9.901;-3.875;-129;5.898;-1.270
CSILATINA ARRENDAMENTO MERCANTIL S.A.;5883884;;;82970;n1;3;19;BARUERI;SP;06/2016;0;88.959;2;-32.859;0;0;56.103;0;-7.682;-61.903;0;-1.416;-71.001;-14.898;0;0;-6.383;-2.897;-968;0;52.160;-25.661;16.251;1.353;-8;1.345;-618;0;727;0
COOPERATIVA DE CRÉDITO DE LAJEADO - SICREDI VALE DO TAQUARI RS;91159764;;;;b3S;2;9;LAJEADO;RS;06/2016;31.482;0;24.563;0;0;0;56.045;-24.436;-1.129;0;0;-4.715;-30.280;25.766;5.877;2.749;-11.351;-7.922;-132;0;2.672;-5.899;-14.006;11.760;19;11.778;-513;0;11.266;0
COOPERATIVA DE CRÉDITO DE LIVRE ADMISSÃO DE ASSOCIADOS NOROESTE DO RIO GRANDE DO SUL - SICREDI NOROESTE RS;89049738;;;;b3S;2;9;TRES DE MAIO;RS;06/2016;38.539;0;17.452;0;0;32;56.023;-18.385;-4.112;0;0;-2.090;-24.588;31.435;7.227;2.279;-12.585;-7.761;-166;0;2.508;-5.377;-13.874;17.561;-739;16.822;-1.019;0;15.803;0
VIA CERTA FINANCIADORA S.A. - CRÉDITO, FINANCIAMENTO E INVESTIMENTOS;5192316;;;80831;n1;2;14;SANTO CRISTO;RS;06/2016;53.883;0;1.844;0;0;0;55.728;-9.393;0;0;0;-15.546;-24.939;30.789;1.387;1.836;-2.311;-24.272;-2.187;0;28;-68;-25.587;5.202;0;5.202;-1.865;0;3.337;-1.023
COOPERATIVA DE CRÉDITO DOS MÉDICOS, PROFISSIONAIS DA SAÚDE E EMPRESÁRIOS DE MATO GROSSO;36900256;;;;b3S;2;9;CUIABA;MT;06/2016;44.350;0;10.366;0;0;0;54.716;-17.718;0;0;0;-13.169;-30.888;23.829;2.455;699;-10.194;-8.182;-63;0;54;-399;-15.631;8.197;648;8.845;-207;0;8.638;-8.234
COOPERATIVA DE CRÉDITO DE LIVRE ADMISSÃO CENTRO-SERRANA DO ESPÍRITO SANTO - SICOOB CENTRO-SERRANO;31804966;;;;b3S;2;9;SANTA MARIA DE JETIBA;ES;06/2016;47.937;0;6.626;0;0;0;54.563;-14.900;-4.371;0;0;-24.093;-43.364;11.199;3.290;2.667;-6.659;-7.406;-237;0;3.740;-1.283;-5.888;5.311;-10;5.301;-411;-248;4.642;0
CENTRAL DAS COOPERATIVAS DE CRÉDITO DO ESTADO DE SÃO PAULO - SICOOB CENTRAL CECRESP;62931522;;;;b3C;2;9;SAO PAULO;SP;06/2016;706;0;53.786;0;0;0;54.492;-52.297;0;0;0;-76;-52.373;2.118;146;0;-8.252;-3.080;-51;4.237;11.278;-660;3.618;5.736;20;5.756;-26;-195;5.535;0
COOPERATIVA DE CRÉDITO DE LIVRE ADMISSÃO DE ASSOCIADOS VALE DO CERRADO - SICREDI VALE DO CERRADO;32983165;;;;b3S;2;9;CAMPO VERDE;MT;06/2016;45.381;0;8.871;0;0;0;54.252;-7.695;-11.021;0;0;-27.559;-46.275;7.977;4.843;2.042;-6.355;-4.749;-103;0;15.137;-24.261;-13.446;-5.469;948;-4.521;-244;0;-4.765;0
BANCO CARGILL S.A.;3609817;;;81414;b1;3;8;SAO PAULO;SP;06/2016;38.689;0;33.802;-18.260;0;0;54.231;-50.042;-41.243;0;-236.914;-30.969;-359.169;-304.938;2;0;-2.294;-7.688;-6.532;0;375.673;-60.567;298.595;-6.343;-3;-6.346;2.861;0;-3.485;0
COOPERATIVA DE CRÉDITO DE LIVRE ADMISSÃO DE ASSOCIADOS REGIÃO DAS CULTURAS - SICREDI DAS CULTURAS RS;90729369;;;;b3S;2;9;IJUI;RS;06/2016;38.661;0;15.478;0;0;49;54.189;-13.481;-4.461;0;0;-4.709;-22.651;31.538;8.343;3.065;-13.411;-7.746;-216;0;1.901;-6.097;-14.161;17.377;-21;17.357;-1.065;0;16.291;0
COOPERATIVA DE CRÉDITO DE LIVRE ADMISSÃO DE ASSOCIADOS DE IBIRAIARAS - SICREDI IBIRAIARAS - RS;89990501;;;;b3S;2;9;IBIRAIARAS;RS;06/2016;31.325;0;22.651;0;0;21;53.997;-22.412;-3.729;0;0;-6.438;-32.579;21.418;7.632;1.855;-9.423;-5.349;-183;0;1.475;-3.912;-7.905;13.513;-207;13.306;-1.078;0;12.228;0
BANCO ALFA S.A.;3323840;ALFA;51293;80570;b1;2;2;SAO PAULO;SP;06/2016;48.147;0;5.393;0;0;0;53.540;-42.164;0;0;0;-2.789;-44.953;8.587;6.696;649;-4.019;-3.475;-995;0;328;-1.427;-2.241;6.346;-6;6.340;-3.271;-133;2.936;-821
WESTERN UNION CORRETORA DE CÂMBIO S.A.;13728156;WESTERN UNION;51767;80886;n2;3;21;SAO PAULO;SP;06/2016;0;0;1.497;8.806;43.149;0;53.451;0;0;0;0;11;11;53.462;27.355;0;-15.076;-21.139;-3.921;0;958;-35.058;-46.880;6.582;120;6.702;-1.936;0;4.766;0
COOPERATIVA DE CRÉDITO DE LIVRE ADMISSÃO DE ASSOCIADOS DO SUL DE MATO GROSSO - SICREDI SUL MT;26549311;;;;b3S;2;9;RONDONOPOLIS;MT;06/2016;40.467;0;11.721;0;0;0;52.188;-10.520;-9.087;0;0;-9.941;-29.549;22.639;4.810;2.813;-8.719;-6.719;-133;0;1.237;-7.310;-14.022;8.618;-268;8.349;-401;0;7.948;0
UNICRED CEARÁ CENTRO NORTE - COOPERATIVA DE ECONOMIA E CRÉDITO MÚTUO DOS PROFISSIONAIS DA SAÚDE E DE PEQUENOS EMPRESÁRIOS, MICROEMPRESÁRIOS OU MICROEMPREENDEDORES DA REGIÃO CENTRO NORTE DO CEARÁ LTDA.;72257793;;;;b3S;2;9;FORTALEZA;CE;06/2016;30.742;0;20.756;0;0;0;51.498;-22.155;0;0;0;-6.679;-28.834;22.663;484;1.524;-6.812;-3.178;-338;0;769;-7.744;-15.295;7.368;111;7.479;-14;0;7.465;0
COOPERATIVA DE CRÉDITO E INVESTIMENTO DE LIVRE ADMISSÃO AGROEMPRESARIAL - SICREDI AGROEMPRESARIAL PR/SP;79457883;;;;b3S;2;9;MANDAGUARI;PR;06/2016;33.047;0;17.891;0;0;19;50.956;-18.659;-2.994;0;0;-5.513;-27.167;23.790;5.842;4.088;-11.539;-10.140;-157;0;2.015;-6.656;-16.546;7.244;-311;6.933;-519;0;6.414;0
COOPERATIVA DE CRÉDITO SUL RIOGRANDENSE - SICREDI UNIÃO METROPOLITANA RS;92796564;;;;b3S;2;9;PORTO ALEGRE;RS;06/2016;28.101;0;22.163;0;0;0;50.264;-19.118;-658;0;0;-7.344;-27.120;23.144;8.255;3.680;-12.454;-9.486;-403;0;1.269;-9.521;-18.660;4.485;120;4.604;-681;0;3.924;0
COOPERATIVA DE CRÉDITO E INVESTIMENTO DE LIVRE ADMISSÃO IGUAÇU - SICREDI IGUAÇU PR/SC/SP;84974278;;;;b3S;2;9;SAO JOAO;PR;06/2016;37.411;0;12.652;0;0;35;50.099;-12.803;-3.497;0;0;-6.448;-22.748;27.351;6.392;2.663;-10.747;-8.093;-169;0;1.573;-5.212;-13.594;13.757;59;13.815;-407;0;13.408;0
ÁGORA CORRETORA DE TITULOS E VALORES MOBILIARIOS S.A.;74014747;BRADESCO;10045;80075;n2;2;15;OSASCO;SP;06/2016;4.216;0;45.575;-7;0;0;49.784;-137;0;0;0;-130;-267;49.517;14.577;19.615;-10.156;-30.880;-4.937;89;866;-608;-11.434;38.083;10;38.093;-17.055;0;21.038;0
CARUANA S.A. - SOCIEDADE DE CRÉDITO, FINANCIAMENTO E INVESTIMENTO;9313766;;;83591;n1;2;14;SAO PAULO;SP;06/2016;49.152;0;355;0;0;0;49.508;-39.029;0;0;-2;-7.816;-46.847;2.660;1.973;0;-2.484;-8.520;-1.190;0;130;-758;-10.849;-8.189;-69;-8.259;3.566;0;-4.693;0
COOPERATIVA DE CRÉDITO DE LIVRE ADMISSÃO DO SUDOESTE DA AMAZÔNIA LTDA. - SICOOB CREDISUL.;3632872;;;;b3S;2;9;VILHENA;RO;06/2016;40.851;0;8.382;0;0;0;49.234;-10.172;-3.329;0;0;-16.428;-29.929;19.305;882;1.722;-6.348;-6.092;-90;0;3.134;-1.590;-8.381;10.923;-120;10.803;0;0;10.803;-4.782
FINAMAX S.A. - CREDITO, FINANCIAMENTO E INVESTIMENTO;411939;;;83436;n1;2;14;JUNDIAI;SP;06/2016;43.605;0;5.574;0;0;0;49.178;-14.480;0;0;0;1.739;-12.742;36.436;2.569;0;-2.850;-15.012;-1.691;0;0;-14.994;-31.977;4.459;-75;4.384;-2.438;0;1.946;-725
COOPERATIVA DE CREDITO E INVESTIMENTO DE LIVRE ADMISSAO ALIANÇA DAS REGIOES COSTA OESTE PARANAENSE E NORTE PAULISTA - SICREDI ALIANÇA PR/SP;79052122;;;;b3S;2;9;MARECHAL CANDIDO RONDON;PR;06/2016;37.718;0;11.327;0;0;2;49.047;-12.374;-3.155;0;0;-9.026;-24.555;24.492;7.271;2.215;-12.110;-8.473;-202;0;1.175;-6.668;-16.793;7.699;-9;7.690;-577;0;7.114;0
KREDILIG S.A. - CRÉDITO, FINANCIAMENTO E INVESTIMENTO;6040559;;;83498;n1;2;14;FLORIANOPOLIS;SC;06/2016;45.058;0;2.920;0;0;0;47.978;-6.149;0;0;0;-9.548;-15.698;32.281;166;0;-1.167;-11.147;-1.866;0;0;-174;-14.187;18.093;0;18.093;-8.079;0;10.014;0
BANCO RIBEIRAO PRETO S.A.;517645;;;84349;b1;2;8;RIBEIRAO PRETO;SP;06/2016;37.967;0;10.081;-141;0;0;47.907;-20.371;-3.026;0;0;-4.473;-27.870;20.037;285;139;-3.523;-3.218;-1.115;-49;14;0;-7.467;12.570;0;12.570;-3.599;-722;8.248;-3.075
COOPERATIVA DE CRÉDITO DE LIVRE ADMISSÃO DE ASSOCIADOS CENTRO SERRA - SICREDI CENTRO SERRA RS;87067757;;;;b3S;2;9;AGUDO;RS;06/2016;27.031;0;20.569;0;0;21;47.621;-18.234;-3.012;0;0;-4.813;-26.060;21.561;5.953;1.811;-8.966;-1.739;-152;0;1.902;-5.516;-6.707;14.854;-64;14.790;-543;0;14.246;0
COOPERATIVA DE ECONOMIA E CRÉDITO MÚTUO UNICRED INTEGRAÇÃO LTDA.;73750424;;;;b3S;2;9;CAXIAS DO SUL;RS;06/2016;33.850;0;13.662;0;0;0;47.512;-23.196;-29;0;0;-6.131;-29.356;18.156;1.930;629;-6.503;-6.224;-55;0;22;-349;-10.550;7.606;6;7.612;-49;-208;7.355;-2.432
COOPERATIVA DE CRÉDITO DE LIVRE ADMISSÃO DE ASSOCIADOS BOTUCARAÍ - SICREDI BOTUCARAÍ RS;87900601;;;;b3S;2;9;SOLEDADE;RS;06/2016;31.974;0;14.946;0;0;34;46.954;-15.672;-4.123;0;0;-5.695;-25.490;21.464;6.069;1.719;-9.440;-5.720;-129;0;1.498;-5.173;-11.176;10.288;-16;10.272;-483;0;9.789;0
BANCO MONEO S.A.;7441209;;;81500;b2;2;8;CAXIAS DO SUL;RS;06/2016;45.115;0;1.562;0;0;0;46.677;-2.992;-14.928;0;0;-15.539;-33.459;13.218;235;486;-5.214;-2.958;-1.290;0;5.189;-6.479;-10.031;3.187;-3.269;-82;-43;0;-125;0
COOPERATIVA DE ECONOMIA E CRÉDITO MÚTUO DOS POLICIAIS MILITARES E SERVIDORES DA SECRETARIA DOS NEGÓCIOS DA SEGURANÇA PÚBLICA DO ESTADO DE SÃO PAULO;62673470;;;;b3S;2;9;SAO PAULO;SP;06/2016;33.664;0;11.813;0;0;0;45.477;-7.439;0;0;0;-10.662;-18.101;27.376;535;588;-14.121;-7.723;-187;0;8.769;-937;-13.076;14.300;19;14.318;-106;-798;13.414;-2
BANCO CACIQUE S.A.;33349358;SOCIETE GENERALE;31859;80264;b1;3;8;SAO PAULO;SP;06/2016;15.003;0;30.215;0;0;0;45.217;-14.430;0;0;0;-3.508;-17.938;27.280;439;0;-23.847;-9.051;-1.703;-5.276;13.716;-6.015;-31.736;-4.457;-414;-4.870;0;0;-4.870;0
COOPERATIVA   DE   CRÉDITO   DE  LIVRE  ADMISSÃO  DE  ASSOCIADOS DO VALE DO RIO PARDO - SICREDI VALE DO RIO PARDO RS;95424891;;;;b3S;2;9;SANTA CRUZ DO SUL;RS;06/2016;29.252;0;15.636;0;0;4;44.892;-16.708;-1.901;0;0;-2.900;-21.509;23.384;6.073;2.388;-10.709;-5.817;-170;0;2.088;-5.451;-11.597;11.786;60;11.846;-932;0;10.914;0
COOPERATIVA DE CRÉDITO DE LIVRE ADMISSÃO DE ASSOCIADOS DO ALTO URUGUAI CATARINENSE - SICOOB - CREDIAUC/SC;78840071;;;;b3S;2;9;CONCORDIA;SC;06/2016;23.837;0;20.314;0;0;0;44.150;-21.644;-1.345;0;0;-9.908;-32.897;11.253;2.207;842;-6.112;-5.044;-82;0;992;-997;-8.193;3.060;117;3.177;-293;0;2.883;-1.949
COOPERATIVA DE CRÉDITO DE LIVRE ADMISSÃO PARQUE DAS ARAUCÁRIAS PR/SC - SICREDI PARQUE DAS ARAUCÁRIAS PR/SC;82065285;;;;b3S;2;9;MARIOPOLIS;PR;06/2016;31.716;0;12.292;0;0;9;44.017;-14.339;-2.752;0;0;-5.704;-22.795;21.222;4.148;2.882;-10.638;-7.512;-112;0;744;-5.324;-15.813;5.408;-52;5.357;-419;0;4.938;0
DREBES FINANCEIRA S.A. CRÉDITO, FINANCIAMENTO E INVESTIMENTO;11271860;;;83656;n1;2;14;ELDORADO;RS;06/2016;42.641;0;1.083;0;0;0;43.723;-12.152;0;0;0;-8.224;-20.375;23.348;0;0;-118;-14.887;-1.457;0;1;-5.861;-22.322;1.026;0;1.026;-540;0;486;0
HSBC CORRETORA DE TITULOS E VALORES MOBILIARIOS S.A.;58229246;HSBC;51152;80525;n2;3;15;CURITIBA;PR;06/2016;783;0;42.501;0;0;0;43.284;0;0;0;0;0;0;43.284;29.188;2.976;-16.360;-7.071;-5.048;0;23.616;-2.563;24.738;68.022;-1.223;66.798;-30.218;-2;36.578;0
COOPERATIVA DE CRÉDITO DE LIVRE ADMISSÃO DE ASSOCIADOS ALIANÇA RS/SC - SICREDI ALIANÇA RS/SC;87795639;;;;b3S;2;9;MARAU;RS;06/2016;25.685;0;17.159;0;0;23;42.866;-16.282;-2.853;0;0;-6.405;-25.540;17.326;6.672;1.940;-10.222;-7.077;-177;0;1.420;-4.013;-11.457;5.869;1.164;7.034;-1.012;0;6.022;0
COOPERATIVA DE CRÉDITO DE LIVRE ADMISSÃO DE ASSOCIADOS INTEGRAÇÃO DE ESTADOS DO RIO GRANDE DO SUL E SANTA CATARINA - SICREDI INTEGRAÇÃO DE ESTADOS RS/SC;87781530;;;;b3S;2;9;PASSO FUNDO;RS;06/2016;31.648;0;10.975;0;0;13;42.636;-13.809;-3.657;0;0;-6.321;-23.787;18.849;5.134;2.088;-8.802;-5.596;-131;0;1.399;-4.176;-10.085;8.764;618;9.382;-418;0;8.964;0
CITIGROUP GLOBAL MARKETS BRASIL, CORRETORA DE CÂMBIO, TÍTULOS E VALORES MOBILIÁRIOS S.A.;33709114;CITIBANK;30403;80192;n2;3;15;SAO PAULO;SP;06/2016;8.960;0;33.584;0;0;0;42.545;0;-9.333;0;1;0;-9.333;33.211;40.224;4.919;-21.741;-13.209;-6.585;0;2.743;-2.245;4.107;37.318;12;37.330;-13.368;-6.246;17.717;0
J.P. MORGAN CORRETORA DE CAMBIO E VALORES MOBILIARIOS S.A.;32588139;JP MORGAN CHASE;20107;80116;n2;3;15;SAO PAULO;SP;06/2016;0;0;42.068;0;0;0;42.068;0;0;0;0;0;0;42.068;44.857;0;-15.717;-7.610;-7.278;0;991;-114;15.129;57.198;0;57.198;-25.785;0;31.412;0
BR PARTNERS BANCO DE INVESTIMENTO S.A.;13220493;BR PARTNERS;51822;80934;b2;2;13;SAO PAULO;SP;06/2016;11.094;0;1.611;28.502;711;0;41.917;-15.556;0;0;0;-85;-15.641;26.276;1.526;0;-6.998;-5.149;-1.161;267;24;-2.413;-13.905;12.371;27;12.398;-5.373;-229;6.797;0
COOPERATIVA DE CRÉDITO DE LIVRE ADMISSÃO DE ASSOCIADOS INTEGRAÇÃO ROTA DAS TERRAS - SICREDI INTEGRAÇÃO ROTA DAS TERRAS RS;87510475;;;;b3S;2;9;TAPERA;RS;06/2016;28.880;0;12.305;0;0;74;41.259;-12.357;-5.048;0;0;-6.030;-23.434;17.825;4.471;1.317;-7.350;-3.886;-99;0;1.537;-3.243;-7.253;10.572;26;10.598;-291;0;10.307;0
COOPERATIVA DE CRÉDITO DOS PROFISSIONAIS DA SAÚDE, CONTABILISTAS, EMPRESÁRIOS E PROFESSORES DO OESTE E SERRA LTDA - UNICRED OESTE E SERRA;1039011;;;;b3S;2;9;CHAPECO;SC;06/2016;31.879;0;9.305;0;0;0;41.184;-21.414;0;0;0;-5.162;-26.575;14.609;3.370;570;-5.650;-8.529;-105;0;255;-274;-10.362;4.247;-57;4.190;-146;0;4.044;-1.053
COOPERATIVA DE CRÉDITO DE LIVRE ADMISSÃO DE ASSOCIADOS DA REGIÃO DA PRODUÇÃO - SICREDI REGIÃO DA PRODUÇÃO;89468565;;;;b3S;2;9;SARANDI;RS;06/2016;27.506;0;13.503;0;0;81;41.089;-14.538;-2.974;0;0;-3.524;-21.036;20.052;4.681;2.423;-9.607;-6.902;-105;0;1.248;-4.685;-12.947;7.105;-27;7.078;-325;0;6.754;0
COOPERATIVA DE CRÉDITO DOS EMPRESÁRIOS DA GRANDE CURITIBA E CAMPOS GERAIS - SICOOB SUL;5888589;;;;b3S;2;9;CURITIBA;PR;06/2016;32.896;0;7.080;0;0;0;39.976;-17.460;-1.082;0;0;-4.690;-23.232;16.744;3.044;2.069;-9.599;-10.648;-97;0;1.109;-1.749;-15.871;873;4;877;-248;0;629;0
BB GESTÃO DE RECURSOS - DISTRIBUIDORA DE TÍTULOS E VALORES MOBILIÁRIOS S.A.;30822936;BB;49906;80329;n2;1;16;BRASILIA;DF;06/2016;0;0;39.936;0;0;0;39.936;0;0;0;0;-9;-9;39.928;590.836;213.747;-42.650;-26.138;-55.636;0;6.715;-23.034;663.839;703.766;0;703.766;-316.248;-421;387.097;0
BANCO YAMAHA MOTOR DO BRASIL S.A.;10371492;;;80721;b2;3;8;GUARULHOS;SP;06/2016;77.019;0;2.861;-40.025;0;0;39.856;-18.358;-1.559;0;0;-21.064;-40.981;-1.125;0;7.507;-10.080;-14.402;-3.210;0;37.142;-8.927;8.030;6.905;-284;6.621;-3.124;0;3.497;0
COOPERATIVA DE CRÉDITO UNICRED SUL CATARINENSE LTDA – UNICRED SUL CATARINENSE;75847;;;;b3S;2;9;CRICIUMA;SC;06/2016;28.961;0;10.813;0;0;0;39.774;-19.591;0;0;0;-2.289;-21.879;17.895;3.533;611;-5.625;-7.956;-123;0;259;-235;-9.537;8.358;166;8.523;-134;0;8.390;-4.017
COOPERATIVA DE CRÉDITO DE LIVRE ADMISSÃO DE ASSOCIADOS VALE DO JAGUARI - SICREDI VALE DO JAGUARI RS;87780284;;;;b3S;2;9;SANTIAGO;RS;06/2016;28.783;0;10.740;0;0;2;39.525;-8.647;-4.775;0;0;-3.115;-16.537;22.989;4.405;1.515;-6.471;-3.994;-160;0;1.118;-3.163;-6.750;16.238;3;16.242;-771;0;15.471;0
BANCO BOAVISTA INTERATLANTICO S.A.;33485541;BRADESCO;10045;80075;b1;2;8;OSASCO;SP;06/2016;209;0;39.190;0;0;0;39.398;0;0;0;0;0;0;39.398;0;0;0;-9.526;-6.313;66.371;128.088;-40.458;138.161;177.560;0;177.560;-35.947;0;141.613;0
COOPERATIVA DE CRÉDITO DE LIVRE ADMISSÃO DE ASSOCIADOS CENTRO LESTE - SICREDI CENTRO LESTE RS;88471024;;;;b3S;2;9;CACHOEIRA DO SUL;RS;06/2016;28.045;0;10.985;0;0;7;39.038;-12.772;-3.964;0;0;-2.130;-18.865;20.172;4.634;2.868;-9.271;-7.273;-266;0;1.066;-5.952;-14.194;5.978;-19;5.960;-471;0;5.489;0
COOPERATIVA DE CRÉDITO DE LIVRE ADMISSÃO DE ASSOCIADOS DO NOROESTE DE MATO GROSSO - SICREDI NOROESTE MT;33022690;;;;b3S;2;9;ARAPUTANGA;MT;06/2016;32.067;0;6.936;0;0;0;39.003;-4.618;-5.726;0;0;-10.926;-21.271;17.732;5.479;2.841;-8.804;-7.679;-165;0;1.889;-5.529;-11.967;5.765;2.234;7.999;-635;0;7.364;0
BANCO ORIGINAL DO AGRONEGÓCIO S.A.;9516419;ORIGINAL;51781;80903;b1;2;8;SAO PAULO;SP;06/2016;31.270;0;7.533;-17;0;0;38.786;-4.241;0;0;0;5.634;1.393;40.180;2.974;0;-86;-3.707;-560;0;309;-291;-1.361;38.819;0;38.819;-17.182;-27;21.609;0
AGORACRED S/A SOCIEDADE DE CRÉDITO, FINANCIAMENTO E INVESTIMENTO;36321990;;;83618;n1;2;14;VITORIA;ES;06/2016;38.146;0;562;0;0;0;38.708;-5.312;-18;0;0;-18.387;-23.717;14.991;0;17;-3.905;-6.781;-1.483;0;0;-1.445;-13.598;1.394;0;1.394;-1.353;0;41;0
COOPERATIVA DE CRÉDITO DE LIVRE ADMISSÃO DE ASSOCIADOS SUL CATARINENSE - SICOOB CREDISULCA SC;81367880;;;;b3S;2;9;TURVO;SC;06/2016;20.922;0;17.777;0;0;0;38.699;-14.426;-2.383;0;0;-1.969;-18.778;19.921;1.590;3.620;-5.056;-6.222;-111;0;220;-1.650;-7.609;12.312;-41;12.271;-135;0;12.136;0
COOPERATIVA CENTRAL DE CRÉDITO DO RIO DE JANEIRO LTDA.;14568725;;;;b3C;2;9;RIO DE JANEIRO;RJ;06/2016;132;0;38.382;0;0;0;38.514;-37.814;0;0;0;74;-37.740;774;37;0;-2.260;-1.291;-16;0;3.941;-223;189;963;0;963;-9;0;953;0
COOPERATIVA DE CRÉDITO DOS PROPRIETÁRIOS DA INDÚSTRIA DE ROCHAS ORNAMENTAIS, CAL E CALCÁRIOS DO ESTADO DO ESPÍRITO SANTO - SICOOB CREDIROCHAS;3358914;;;;b3S;2;9;CACHOEIRO DE ITAPEMIRIM;ES;06/2016;30.259;0;8.250;0;0;0;38.508;-16.063;-649;0;0;-6.853;-23.565;14.943;1.662;1.931;-5.208;-5.102;-91;0;1.205;-1.433;-7.036;7.907;-40;7.867;-199;-205;7.463;0
RENASCENCA DISTRIBUIDORA DE TÍTULOS E VALORES MOBILIÁRIOS LTDA;62287735;;;84105;n2;2;16;SAO PAULO;SP;06/2016;0;0;38.229;210;0;0;38.439;-18.226;0;0;0;0;-18.226;20.213;7.197;0;-3.960;-4.381;-1.596;0;0;0;-2.740;17.473;-45;17.428;-4.818;-6.843;5.768;0
COOPERATIVA DE CRÉDITO DOS MÉDICOS E DEMAIS PROFISSIONAIS DA SAÚDE, CONTABILISTAS, PROFESSORES E EMPRESÁRIOS DE BLUMENAU E VALE DO ITAJAÍ LTDA – UNICRED BLUMENAU;73443863;;;;b3S;2;9;BLUMENAU;SC;06/2016;27.983;0;10.316;0;0;0;38.298;-21.245;0;0;0;-3.047;-24.293;14.006;3.192;560;-5.950;-8.181;-95;0;223;-185;-10.437;3.569;201;3.770;-62;0;3.707;-1.804
COOPERATIVA DE CRÉDITO DE LIVRE ADMISSÃO DE ASSOCIADOS CELEIRO CENTRO OESTE - SICREDI CELEIRO CENTRO OESTE;3566655;;;;b3S;2;9;SAO GABRIEL DO OESTE;MS;06/2016;29.135;0;8.868;0;0;0;38.002;-7.691;-3.953;0;0;-5.289;-16.933;21.069;4.355;2.430;-8.470;-5.957;-109;0;8.827;-12.733;-11.657;9.412;250;9.662;-250;0;9.411;0
COOPERATIVA DE CRÉDITO DE LIVRE ADMISSÃO DE GOIÂNIA E REGIÃO LTDA;4388688;;;;b3S;2;9;GOIANIA;GO;06/2016;23.322;0;14.546;0;0;0;37.868;-16.489;-16;0;0;-8.576;-25.081;12.787;554;1.272;-5.560;-3.425;-24;0;1.393;-465;-6.255;6.532;44;6.576;-75;0;6.501;0
COOPERATIVA DE CREDITO DE LIVRE ADMISSÃO DE ASSOCIADOS ITAIPU SICOOB CREDITAIPU;81014060;;;;b3S;2;9;PINHALZINHO;SC;06/2016;26.472;0;11.380;0;0;0;37.852;-16.061;-1.870;0;0;-3.133;-21.064;16.788;868;809;-4.728;-3.165;-65;0;924;-627;-5.984;10.805;2;10.806;-132;0;10.674;-2.801
COOPERATIVA DE CRÉDITO E INVESTIMENTO DE LIVRE ADMISSÃO DO NORTE DO PARANÁ E SUL DE SÃO PAULO - SICREDI NORTE SUL PR/SP;79063574;;;;b3S;2;9;SANTO ANTONIO DA PLATINA;PR;06/2016;29.954;0;7.710;0;0;0;37.664;-9.350;-2.747;0;0;-6.260;-18.357;19.307;4.526;2.192;-9.633;-7.635;-158;0;625;-6.370;-16.453;2.854;583;3.437;-594;0;2.843;0
COOPERATIVA DE CRÉDITO DE LIVRE ADMISSÃO DE ASSOCIADOS CELEIRO - SICREDI CELEIRO RS/SC;88099247;;;;b3S;2;9;CAMPO NOVO;RS;06/2016;30.147;0;7.352;0;0;35;37.534;-11.695;-2.560;0;0;-7.375;-21.630;15.904;3.378;1.706;-7.591;-5.793;-85;0;1.046;-4.352;-11.690;4.214;40;4.255;-334;0;3.921;0
CENTRAL DAS COOPERATIVAS DE CRÉDITO DO BRASIL CENTRAL, AMAZONAS OCIDENTAL E MUNICÍPIO DE UBÁ;4243780;;;;b3C;2;9;GOIANIA;GO;06/2016;188;0;37.341;0;0;0;37.529;-37.367;0;0;0;19;-37.348;181;186;0;-3.728;-1.140;-14;57;13.225;-134;8.452;8.633;0;8.633;0;0;8.633;0
BANCO BM&FBOVESPA DE SERVIÇOS DE LIQUIDAÇÃO E CUSTÓDIA S.A.;997185;;;81225;b1;2;2;SAO PAULO;SP;06/2016;0;0;35.875;0;1.575;0;37.450;-23.021;0;0;0;0;-23.021;14.429;108;4.908;0;-7.783;-1.154;0;0;-1;-3.922;10.507;0;10.507;-4.738;0;5.769;0
BANCO ALVORADA S.A.;33870163;BRADESCO;10045;80075;b1;2;8;OSASCO;SP;06/2016;2.781;9.490;24.663;0;0;0;36.934;-38;0;-9.406;0;-20;-9.463;27.471;0;0;-457;-6.470;-4.728;1.299.926;29.235;-18.113;1.299.393;1.326.864;1.587;1.328.451;-9.612;0;1.318.839;0
COOPERATIVA DE ECONOMIA E CRÉDITO MÚTUO DOS PROFISSIONAIS DA SAÚDE DAS REGIÕES METROPOLITANAS DA BAIXADA SANTISTA E GRANDE SÃO PAULO LTDA. - UNICRED METROPOLITANA;259231;;;;b3S;2;9;SANTOS;SP;06/2016;24.295;0;12.535;0;0;0;36.830;-18.089;0;0;0;-4.220;-22.308;14.521;1.346;130;-6.234;-7.647;-170;0;511;-155;-12.218;2.303;152;2.456;-60;0;2.396;-1.025
COOPERATIVA DE CRÉDITO E INVESTIMENTO DE LIVRE ADMISSÃO NOSSA TERRA   SICREDI NOSSA TERRA PR/SP;81192106;;;;b3S;2;9;CAFELANDIA;PR;06/2016;22.873;0;13.689;0;0;16;36.578;-13.316;-3.797;0;0;-4.970;-22.084;14.494;4.552;1.349;-7.589;-6.611;-120;0;522;-2.910;-10.806;3.688;41;3.729;-311;0;3.418;0
COOPERATIVA DE CREDITO E INVESTIMENTO DO RIO DE JANEIRO - SICREDI RIO;72128440;;;;b3S;2;9;RIO DE JANEIRO;RJ;06/2016;24.532;0;12.019;0;0;0;36.551;-15.651;-47;0;0;-2.142;-17.840;18.710;930;972;-10.118;-4.821;-42;0;734;-2.697;-15.043;3.668;347;4.014;-74;0;3.940;0
COOPERATIVA DE CRÉDITO E INVESTIMENTO DE LIVRE ADMISSÃO DO CENTRO SUL DO PARANÁ - SICREDI CENTRO SUL PR/SC;78907607;;;;b3S;2;9;PRUDENTOPOLIS;PR;06/2016;24.953;0;10.134;0;0;19;35.106;-9.130;-2.903;0;0;-3.764;-15.797;19.308;4.757;2.811;-8.149;-7.686;-133;0;907;-4.183;-11.675;7.633;-6;7.627;-471;0;7.156;0
JPMORGAN CHASE BANK, NATIONAL ASSOCIATION;46518205;JP MORGAN CHASE;20107;80116;b1;3;28;SAO PAULO;SP;06/2016;0;0;33.194;1.777;0;0;34.971;-12.026;0;0;-65;0;-12.092;22.879;0;0;0;-480;-2.113;0;2.986;-49;344;23.223;0;23.223;-10.448;0;12.774;0
BANCO KEB HANA DO BRASIL S.A.;2318507;;;81232;b1;3;2;SAO PAULO;SP;06/2016;16.193;0;16.080;0;2.665;0;34.939;-7.035;-10.873;0;0;0;-17.909;17.030;137;0;-2.812;-1.929;-820;0;35.187;-35.187;-5.423;11.607;302;11.909;-5.352;0;6.557;0
COOPERATIVA DE CRÉDITO DE LIVRE ADMISSÃO DE ASSOCIADOS AURIVERDE   SICOOB CREDIAL/SC;78858107;;;;b3S;2;9;CUNHA PORA;SC;06/2016;17.391;0;17.309;0;0;0;34.700;-17.815;-1.059;0;0;-2.857;-21.730;12.970;1.814;440;-3.733;-3.864;-88;0;825;-1.522;-6.128;6.842;67;6.909;-241;0;6.668;-1.500
COOPERATIVA DE CRÉDITO DOS FORNECEDORES DE CANA, AGROPECUARISTAS E EMPRESÁRIOS DA REGIÃO DE PIRACICABA;54401286;;;;b3S;2;9;PIRACICABA;SP;06/2016;19.515;0;15.114;0;0;0;34.629;-13.703;-2.631;0;0;-2.540;-18.874;15.754;537;538;-4.557;-2.726;-38;0;883;-239;-5.602;10.152;36;10.188;-75;0;10.113;0
JBCRED S/A SOCIEDADE DE CRÉDITO AO MICROEMPREENDEDOR;4230630;;;83137;n1;2;10;SAO PAULO;SP;06/2016;31.776;0;2.703;0;0;0;34.479;0;0;0;0;-9.972;-9.972;24.507;0;0;-4.819;-8.251;-1.532;0;1;-126;-14.727;9.780;0;9.780;-2.668;-8;7.104;-2.798
COOPERATIVA DE CRÉDITO DE LIVRE ADMISSÃO PARANAPANEMA - SICREDI PARANAPANEMA PR/SP;79086997;;;;b3S;2;9;CAMBARA;PR;06/2016;26.783;0;7.618;0;0;8;34.409;-7.190;-2.779;0;0;-7.955;-17.924;16.485;4.653;2.561;-8.068;-7.605;-333;0;1.673;-8.062;-15.182;1.302;-31;1.271;-588;0;683;0
BRICKELL S.A. CRÉDITO, FINANCIAMENTO E INVESTIMENTO;12865507;;;83601;n1;2;14;SAO PAULO;SP;06/2016;32.524;0;1.722;0;0;0;34.246;-21.051;0;0;0;-700;-21.751;12.496;3;767;-6.511;-3.334;-699;0;248;-61;-9.586;2.909;1;2.908;-245;-892;1.771;-1.500
COOPERATIVA DE CRÉDITO E INVESTIMENTO DE LIVRE ADMISSÃO PROGRESSO - SICREDI PROGRESSO PR/SP;76059997;;;;b3S;2;9;TOLEDO;PR;06/2016;24.761;0;9.479;0;0;1;34.242;-10.023;-2.871;0;0;-6.937;-19.831;14.411;4.856;1.559;-7.970;-6.079;-131;0;1.078;-4.434;-11.122;3.288;-92;3.197;-305;0;2.891;0
CREDIT SUISSE (BRASIL) S.A. CORRETORA DE TÍTULOS E VALORES MOBILIÁRIOS;42584318;CREDIT SUISSE;30771;80219;n2;3;15;SAO PAULO;SP;06/2016;0;0;43.983;-9.909;0;0;34.074;0;-10.803;0;0;0;-10.803;23.271;93.653;0;-19.633;-14.103;-9.362;0;27.721;-7.979;70.297;93.568;0;93.568;-35.591;0;57.977;0
B & T ASSOCIADOS CORRETORA DE CÂMBIO LTDA.;73622748;;;81995;n2;2;21;RIO DE JANEIRO;RJ;06/2016;0;0;620;0;33.259;0;33.879;0;0;0;0;-13;-13;33.866;3.809;0;-4.394;-28.836;-2.008;784;121;-62;-30.588;3.278;0;3.279;-1.052;0;2.227;-297
AGENCIA DE FOMENTO DO ESTADO DO RIO DE JANEIRO S.A.;5940203;;;81139;n1;1;30;RIO DE JANEIRO;RJ;06/2016;11.047;0;22.558;0;0;0;33.604;0;-2.586;0;0;-1.612;-4.198;29.406;8.251;0;-14.267;-4.026;-2.020;0;108;-64;-12.018;17.389;0;17.389;-8.455;0;8.933;0
COOPERATIVA DE CRÉDITO DE LIVRE ADMISSÃO DE ASSOCIADOS SICOOB ECOCREDI;11565109;;;;b3S;2;9;TRES COROAS;RS;06/2016;27.085;0;5.741;0;0;0;32.826;-13.280;-3.991;0;0;-15.462;-32.732;94;1.194;1.250;-2.540;-3.927;-28;0;446;-925;-4.530;-4.437;-14;-4.451;-39;0;-4.490;-1.398
COOPERATIVA DE ECONOMIA E CRÉDITO MÚTUO DOS PROFISSIONAIS DE SAÚDE DE NÍVEL SUPERIOR, DOS SERVIDORES PÚBLICOS FEDERAIS E DOS EMPRESÁRIOS DO ESTADO DE ALAGOAS - UNICRED ALAGOAS;41180092;;;;b3S;2;9;MACEIO;AL;06/2016;19.534;0;13.281;0;0;0;32.815;-12.423;0;0;0;-2.758;-15.181;17.634;402;635;-4.168;-2.646;-25;11;1.099;-1.679;-6.370;11.263;-3;11.261;-6;-240;11.015;-3.630
COOPERATIVA DE CRÉDITO DE LIVRE ADMISSÃO DE ASSOCIADOS DE CAMPO GRANDE E REGIÃO - SICREDI CAMPO GRANDE MS;3042597;;;;b3S;2;9;CAMPO GRANDE;MS;06/2016;24.598;0;7.858;0;0;0;32.456;-7.943;-1.367;0;0;-8.552;-17.863;14.593;3.463;2.696;-7.762;-5.491;-116;0;436;-5.236;-12.011;2.582;-2;2.580;-272;0;2.308;0
COOPERATIVA CENTRAL DE CRÉDITO DO NORTE DO BRASIL - SICOOB NORTE;3502131;;;;b3C;2;9;PORTO VELHO;RO;06/2016;947;0;31.007;0;0;0;31.954;-30.574;0;0;0;-1;-30.576;1.379;24;1;-2.948;-1.534;-18;1.223;7.697;-3.763;682;2.061;-9;2.052;-6;0;2.046;0
COOPERATIVA DE CRÉDITO E INVESTIMENTO DE LIVRE ADMISSÃO INTEGRAÇÃO - SICREDI INTEGRAÇÃO PR/SC;81054686;;;;b3S;2;9;LAPA;PR;06/2016;20.734;0;11.010;0;0;1;31.745;-10.490;-1.978;0;0;-5.711;-18.179;13.566;3.606;2.158;-7.603;-5.953;-142;0;410;-4.284;-11.809;1.757;420;2.177;-448;0;1.729;0
HS FINANCEIRA S/A CREDITO, FINANCIAMENTO E INVESTIMENTOS;7512441;;;83522;n1;2;14;DOIS IRMAOS;RS;06/2016;27.418;0;4.322;0;0;0;31.740;-6.806;0;0;0;-11.009;-17.815;13.924;1.050;0;-1.458;-6.350;-1.173;0;150;-363;-8.145;5.779;0;5.779;-2.353;0;3.427;-1.616
COOPERATIVA DE CRÉDITO DE LIVRE ADMISSÃO DE ASSOCIADOS DO VALE DO ITAJAÍ E LITORAL CATARINENSE - SICREDI VALE LITORAL SC;10348181;;;;b3S;2;9;ITAPEMA;SC;06/2016;24.677;0;6.861;0;0;0;31.538;-10.052;-124;0;0;-6.032;-16.208;15.330;3.699;1.815;-7.242;-6.461;-95;0;551;-5.317;-13.050;2.280;884;3.164;-121;0;3.043;0
BANCO TOPÁZIO S.A.;7679404;;;81517;b1;2;8;PORTO ALEGRE;RS;06/2016;23.383;0;7.445;0;638;0;31.466;-17.872;0;0;0;-12.545;-30.417;1.049;14.242;651;-6.780;-23.134;-2.566;0;11.799;-525;-6.313;-5.264;-135;-5.399;521;0;-4.878;0
COOPERATIVA DE CRÉDITO DE LIVRE ADMISSÃO DE ASSOCIADOS ENCOSTA SUPERIOR DO NORDESTE RS - SICREDI NORDESTE RS;95213211;;;;b3S;2;9;ROLANTE;RS;06/2016;24.642;0;6.809;0;0;0;31.451;-10.899;-950;0;0;-6.321;-18.170;13.281;2.864;2.333;-6.311;-7.303;-66;0;722;-6.400;-14.160;-879;-16;-896;-132;0;-1.028;0
COOPERATIVA DE ECONOMIA E CRÉDITO MÚTUO DOS EMPREGADOS DE FURNAS E DEMAIS EMPRESAS DO SISTEMA ELETROBRÁS LTDA.;33370115;;;;b3S;2;9;RIO DE JANEIRO;RJ;06/2016;11.879;0;19.321;0;0;0;31.201;-20.153;0;0;0;-204;-20.358;10.843;208;44;-5.479;-2.330;-38;0;533;-514;-7.577;3.266;13;3.280;-54;0;3.226;-1.177
COOPERATIVA CENTRAL DE CRÉDITO RURAL COM INTERAÇÃO SOLIDÁRIA - CRESOL CENTRAL SC/RS;7202627;;;;b3C;2;9;CHAPECO;SC;06/2016;8.334;0;22.514;0;0;0;30.847;-20.606;-8.011;0;0;-1.387;-30.004;843;7.461;0;-2.937;-2.220;-29;0;0;-4.143;-1.867;-1.024;-29;-1.052;0;0;-1.052;0
COOPERATIVA DE CRÉDITO DE CASCAVEL E REGIÃO - SICOOB CREDICAPITAL;4529074;;;;b3S;2;9;CASCAVEL;PR;06/2016;24.726;0;5.861;0;0;0;30.587;-12.705;-1.105;0;0;-6.143;-19.953;10.634;2.391;2.017;-5.915;-6.923;-47;0;738;-1.349;-9.089;1.545;-174;1.371;-113;0;1.258;0
COOPERATIVA DE CRÉDITO DE LIVRE ADMISSÃO DE ASSOCIADOS DA FRONTEIRA SUL - SICREDI FRONTEIRA SUL RS;88530142;;;;b3S;2;9;BAGE;RS;06/2016;24.485;0;6.093;0;0;4;30.582;-7.495;-4.778;0;0;-3.284;-15.557;15.025;3.150;1.866;-7.009;-4.769;-101;0;1.093;-4.083;-9.853;5.172;18;5.190;-286;0;4.904;0
COOPERATIVA DE CREDITO RURAL DE PRIMAVERA DO LESTE;26563270;;;;b3S;2;9;PRIMAVERA DO LESTE;MT;06/2016;22.290;0;8.180;0;0;0;30.471;-9.856;-456;0;0;-4.277;-14.589;15.881;323;195;-4.190;-2.336;-19;0;208;-211;-6.030;9.852;-5;9.847;0;0;9.847;-115
COOPERATIVA DE CRÉDITO DE LIVRE ADMISSÃO DO ALTO PARANAÍBA, NOROESTE E OESTE DE MINAS LTDA - UNICRED INTEGRAÇÃO DE MINAS;1727929;;;;b3S;2;9;PATOS DE MINAS;MG;06/2016;24.155;0;6.145;0;0;0;30.299;-14.328;0;0;0;-769;-15.097;15.203;1.883;214;-5.348;-6.805;-27;0;17;-164;-10.229;4.974;17;4.990;-7;0;4.983;0
COOPERATIVA DE CRÉDITO DOS MÉDICOS E DEMAIS PROFISSIONAIS DA SAÚDE, PEQUENOS EMPRESÁRIOS, MICROEMPRESÁRIOS E MICROEMPREENDEDORES - UNICRED BANDEIRANTE;3055269;;;;b3S;2;9;AMERICANA;SP;06/2016;25.143;0;5.090;0;0;0;30.233;-15.389;-541;0;0;-1.619;-17.549;12.684;1.969;18;-5.485;-6.390;0;0;64;-966;-10.791;1.893;3;1.896;-6;-124;1.766;0
INTESA SANPAOLO BRASIL S.A. - BANCO MÚLTIPLO;55230916;;;84057;b1;3;8;SAO PAULO;SP;06/2016;17.348;0;12.314;536;0;0;30.198;-5.934;-273;0;-8.790;-455;-15.452;14.746;310;0;-8.084;-4.872;-1.245;0;12.654;-1.908;-3.144;11.602;-4;11.598;-5.172;0;6.427;0
COOPERATIVA DE CRÉDITO DE LIVRE ADMISSÃO DE ASSOCIADOS DO PLANALTO CENTRAL - SICREDI PLANALTO CENTRAL;10736214;;;;b3S;2;9;CRISTALINA;GO;06/2016;23.922;0;6.176;0;0;0;30.098;-6.566;-2.296;0;0;-3.110;-11.972;18.126;3.064;1.708;-7.199;-5.241;-741;0;4.675;-8.025;-11.759;6.367;-152;6.216;-13;0;6.202;0
UNICRED RECIFE   COOPERATIVA DE ECONOMIA E CRÉDITO MÚTUO DOS MÉDICOS E PROFISSIONAIS DA ÁREA DE SAÚDE DO GRANDE RECIFE, ZONA DA MATA NORTE E SUL LTDA;70241658;;;;b3S;2;9;RECIFE;PE;06/2016;20.512;0;9.282;0;0;0;29.794;-13.004;0;0;0;-1.949;-14.954;14.840;457;973;-4.515;-2.677;-36;0;525;-1.580;-6.853;7.987;4;7.991;-70;-250;7.671;0
COOPERATIVA CENTRAL DE ECONOMIA E CRÉDITO MÚTUO DOS PROFISSIONAIS DE SAÚDE DE NÍVEL SUPERIOR E OUTROS SEGMENTOS DE CRÉDITO DO ESTADO DE MINAS GERAIS LTDA - UNICRED CENTRAL (MG);184068;;;;b3C;2;9;BELO HORIZONTE;MG;06/2016;0;0;29.376;0;0;0;29.376;-28.710;0;0;0;239;-28.471;906;24;4;-2.416;1.501;1;0;0;0;-888;17;59;77;-25;0;52;0
BANCO ANDBANK (BRASIL) S.A.;48795256;ANDBANK;51949;81256;b1;3;8;SAO PAULO;SP;06/2016;21.187;0;8.056;0;0;0;29.243;-19.613;0;0;0;780;-18.833;10.410;2.768;8;-5.519;-2.665;-726;285;129;-2.624;-8.345;2.066;11;2.077;-4.042;0;-1.965;0
COOPERATIVA DE CRÉDITO DE LIVRE ADMISSÃO DA ZONA DA MATA DE MINAS LTDA - SICOOB CREDILIVRE;41697103;;;;b3S;2;9;MANHUACU;MG;06/2016;20.580;0;8.502;0;0;0;29.082;-7.649;-2.833;0;0;-2.856;-13.338;15.745;1.833;2.627;-6.236;-6.131;-191;0;1.132;-454;-7.420;8.325;74;8.399;-372;-371;7.655;-1.852
COOPERATIVA DE CRÉDITO DE LIVRE ADMISSÃO DE ASSOCIADOS DE ESPUMOSO - SICREDI ESPUMOSO RS;87900411;;;;b3S;2;9;ESPUMOSO;RS;06/2016;19.373;0;9.519;0;0;73;28.965;-7.366;-2.860;0;0;-4.407;-14.633;14.331;3.014;982;-4.886;-1.735;-66;0;612;-1.929;-4.009;10.322;-23;10.299;-315;0;9.984;0
BARIGUI S.A. CREDITO, FINANCIAMENTO E INVESTIMENTOS;556603;BARIGUI;51774;80893;n1;2;14;CURITIBA;PR;06/2016;25.568;0;3.358;0;0;0;28.926;-17.712;0;0;0;-2.308;-20.020;8.905;1;0;-2.000;-5.295;-493;2.817;45;-50;-4.975;3.931;-19;3.912;411;-190;4.132;-1.535
COOPERATIVA DE CREDITO DE LIVRE ADMISSAO DO TRIANGULO MINEIRO LTDA - SICOOB ARACOOP;3320525;;;;b3S;2;9;ARAGUARI;MG;06/2016;24.125;0;4.632;0;0;0;28.757;-8.009;-3.357;0;0;-5.339;-16.705;12.053;1.321;848;-4.372;-4.600;-105;0;615;-627;-6.920;5.132;-242;4.890;-83;-160;4.648;0
COOPERATIVA DE ECONOMIA E CRÉDITO MÚTUO DOS MÉDICOS, DOS PROFISSIONAIS DE NÍVEL SUPERIOR DA ÁREA DA SAÚDE, DOS MEMBROS E SERV DO PODER JUD, DO MP E DE ÓRGÃOS JUR DA REG METROP DE NATAL - UNICRED NATAL;70038237;;;;b3S;2;9;NATAL;RN;06/2016;14.818;0;13.888;0;0;0;28.707;-10.719;0;0;0;-1.196;-11.915;16.792;256;240;-4.647;-1.348;-21;0;603;-1.570;-6.487;10.305;-70;10.234;0;-360;9.874;0
COOPERATIVA DE CRÉDITO DE LIVRE ADMISSÃO DE ASSOCIADOS LITORÂNEA;85291086;;;;b3S;2;9;JACINTO MACHADO;SC;06/2016;17.668;0;10.748;0;0;0;28.416;-12.544;-1.180;0;0;-1.164;-14.887;13.529;1.535;748;-5.279;-5.616;-87;67;318;-180;-8.493;5.036;75;5.111;-180;0;4.931;0
SANTANDER CORRETORA DE CÂMBIO E VALORES MOBILIÁRIOS S.A.;51014223;SANTANDER;30379;80185;n2;3;15;SAO PAULO;SP;06/2016;0;0;28.312;-75;0;0;28.237;0;0;0;0;1;1;28.238;33.102;34.543;-1.722;-57.308;-15.780;0;15.975;-18.961;-10.151;18.087;168;18.254;-5.766;-842;11.646;0
CONFEDERAÇÃO NACIONAL DAS COOPERATIVAS CENTRAIS UNICRED'S - UNICRED DO BRASIL;315557;;;;b3C;2;9;SAO PAULO;SP;06/2016;0;0;28.205;0;0;0;28.205;-25.627;0;0;0;0;-25.627;2.578;5.689;0;-19.766;-16.506;-304;0;34.190;-858;2.445;5.023;2.482;7.505;-2;0;7.503;0
COOPERATIVA DE CRÉDITO E INVESTIMENTO DE LIVRE ADMISSÃO RIO PARANÁ - SICREDI RIO PARANÁ PR/SP;81206039;;;;b3S;2;9;NOVA LONDRINA;PR;06/2016;22.184;0;5.991;0;0;2;28.177;-6.533;-1.627;0;0;-7.327;-15.487;12.690;4.165;1.830;-7.403;-6.503;-137;0;762;-3.795;-11.081;1.609;235;1.844;-526;0;1.318;0
COOPERATIVA DE CRÉDITO DE LIVRE ADMISSÃO DE ASSOCIADOS ALTO JACUÍ - SICREDI ALTO JACUÍ RS;87779625;;;;b3S;2;9;NAO-ME-TOQUE;RS;06/2016;17.862;0;10.042;0;0;43;27.947;-8.587;-2.868;0;0;-4.146;-15.601;12.346;4.269;1.484;-6.593;-3.311;-108;0;1.435;-2.886;-5.709;6.637;819;7.456;-385;0;7.071;0
COOPERATIVA DE ECONOMIA E CRÉDITO MÚTUO BRF - CREDIBRF;82096447;;;;b3S;2;9;CURITIBA;PR;06/2016;19.127;0;8.422;0;0;0;27.549;-9.581;0;0;0;-626;-10.207;17.342;175;0;-2.028;-1.465;-23;0;9;-65;-3.398;13.945;37;13.981;-61;-335;13.585;-3.809
COOPERATIVA DE CRÉDITO DE EMPRESÁRIOS - SICOOB/TRANSCREDI;4247370;;;;b3S;2;9;CONCORDIA;SC;06/2016;18.027;0;9.304;0;0;0;27.332;-12.496;-69;0;0;-3.081;-15.646;11.686;884;489;-2.409;-2.289;-49;0;6;-363;-3.730;7.956;-99;7.857;-66;0;7.790;-2.431
COOPERATIVA DE CRÉDITO DE LIVRE ADMISSÃO DE ASSOCIADOS DO VALE DO VINHO - SICOOB VIDEIRA/SC;81016131;;;;b3S;2;9;VIDEIRA;SC;06/2016;17.680;0;9.617;0;0;0;27.297;-11.904;-1.396;0;0;-4.682;-17.981;9.315;1.243;1.106;-4.125;-4.048;-59;0;173;-1.214;-6.924;2.391;-14;2.377;-175;0;2.202;0
BANCO ABN AMRO S.A.;3532415;;;81579;b1;3;8;SAO PAULO;SP;06/2016;1.289;0;40.288;-14.288;0;0;27.288;-7.281;-3.136;0;-113.002;-794;-124.212;-96.924;25.738;0;-22.182;-10.812;-3.909;0;150.685;-16.964;122.557;25.633;-271;25.362;-11.374;-997;12.991;0
COOPERATIVA DE CRÉDITO DE LIVRE ADMISSÃO DE ASSOCIADOS PANTANAL DO MATO GROSSO DO SUL - SICREDI PANTANAL MS;26408187;;;;b3S;2;9;MARACAJU;MS;06/2016;21.667;0;5.572;0;0;0;27.238;-4.897;-2.826;0;0;-4.224;-11.947;15.291;2.505;1.231;-4.480;-3.939;-75;0;1.103;-3.206;-6.861;8.430;-5;8.425;-197;0;8.228;0
COOPERATIVA DE CRÉDITO DE LIVRE ADMISSÃO DO ALTO VALE DO ITAJAÍ - VIACREDI ALTO VALE;16779741;;;;b3S;2;9;IBIRAMA;SC;06/2016;19.787;0;7.233;0;0;0;27.020;-10.897;-421;0;0;-2.991;-14.309;12.711;1.407;1.015;-4.159;-5.228;-19;0;69;-534;-7.449;5.262;-12;5.250;0;-413;4.837;0
SANTINVEST S.A. - CREDITO, FINANCIAMENTO E INVESTIMENTOS;122327;SANTINVEST;50816;80446;n1;2;14;FLORIANOPOLIS;SC;06/2016;24.187;0;2.558;0;0;0;26.745;-11.675;0;0;0;-6.360;-18.035;8.710;0;21;-2.862;-3.299;-699;0;19;-5.437;-12.257;-3.547;-68;-3.615;1.585;0;-2.030;0
BANCO WOORI BANK DO BRASIL S.A.;15357060;;;81823;b1;3;8;SAO PAULO;SP;06/2016;7.810;0;14.396;0;4.452;0;26.657;-11.637;-33;0;0;-19;-11.689;14.969;94;7;-2.847;-2.660;-716;0;35;-41;-6.128;8.841;19;8.860;-4.101;-124;4.634;0
COOPERATIVA CENTRAL DE ECONOMIA E CRÉDITO MÚTUO DAS UNICREDS DO ESTADO DO RIO DE JANEIRO E DO MATO GROSSO LTDA   UNICRED CENTRAL RJ/MT;86774775;;;;b3C;2;9;RIO DE JANEIRO;RJ;06/2016;0;0;26.606;0;0;0;26.606;-24.996;0;0;0;0;-24.996;1.610;0;0;-2.862;1.629;-92;0;1;-6;-1.330;280;-280;0;0;0;0;0
COOPERATIVA DE CRÉDITO DE LIVRE ADMISSÃO DE ASSOCIADOS DA GRANDE GETÚLIO VARGAS DO RIO GRANDE DO SUL - SICREDI ESTAÇÃO RS;87784088;;;;b3S;2;9;ESTACAO;RS;06/2016;21.252;0;5.305;0;0;40;26.597;-6.149;-2.786;0;0;-2.228;-11.164;15.433;3.557;1.116;-6.192;-3.010;-83;0;1.365;-2.068;-5.314;10.118;18;10.137;-494;0;9.642;0
SANTANA S.A. - CRÉDITO, FINANCIAMENTO E INVESTIMENTO;5503849;;;83474;n1;2;14;SAO PAULO;SP;06/2016;25.409;0;1.145;0;0;0;26.554;-9.801;0;0;0;-7.236;-17.038;9.516;5.252;0;-656;-9.393;-1.255;0;30;-817;-6.838;2.678;-183;2.495;-634;0;1.861;-1.162
OM DISTRIBUIDORA DE TÍTULOS E VALORES MOBILIÁRIOS LTDA;11495073;;;84239;n2;2;16;SAO PAULO;SP;06/2016;0;0;14.125;0;12.405;0;26.530;0;0;0;0;-640;-640;25.890;1.114;0;-3.972;-18.406;-1.349;0;18;-1.405;-24.000;1.890;9;1.899;-1.529;0;369;0
COOPERATIVA DE CREDITO DE LIVRE ADMISSÃO DO SUL DE MINAS LTDA - SICOOB CREDIVASS;1604998;;;;b3S;2;9;SAO GONCALO DO SAPUCAI;MG;06/2016;18.836;0;7.648;0;0;0;26.484;-8.951;-2.072;0;0;-2.286;-13.309;13.175;1.688;1.477;-7.563;-5.999;-118;0;1.544;-1.215;-10.186;2.989;46;3.035;-249;0;2.786;0
COOPERATIVA DE CRÉDITO SICOOB VALE DO IGUAÇU;2466552;;;;b3S;2;9;FRANCISCO BELTRAO;PR;06/2016;22.643;0;3.784;0;0;0;26.428;-9.079;-1.798;0;0;-2.235;-13.111;13.316;2.153;2.149;-6.884;-6.669;-80;0;662;-1.183;-9.852;3.464;-99;3.365;-226;0;3.139;0
FINSOL SOCIEDADE DE CRÉDITO AO MICROEMPREENDEDOR E À EMPRESA DE PEQUENO PORTE S.A.;18810553;;;83340;n1;3;10;RECIFE;PE;06/2016;25.278;0;668;0;0;0;25.945;-856;-2.882;0;0;-4.728;-8.466;17.479;3.394;0;-10.840;-5.886;-1.318;0;0;-614;-15.265;2.214;-3;2.211;-740;0;1.471;0
COOPERATIVA DE CRÉDITO DE LIVRE ADMISSÃO DE ASSOCIADOS DO NORTE E NORDESTE DE SANTA CATARINA - SICREDI NORTE SC;2843443;;;;b3S;2;9;JOINVILLE;SC;06/2016;20.630;0;5.306;0;0;0;25.935;-9.153;-151;0;0;-2.804;-12.108;13.828;2.987;1.756;-6.440;-5.324;-62;0;1.069;-3.181;-9.193;4.634;337;4.971;-75;0;4.897;0
COOPERATIVA DE CRÉDITO MÚTUO DOS EMPREGADOS DA EMBRAER;46642294;;;;b3S;2;9;SAO JOSE DOS CAMPOS;SP;06/2016;20.785;0;4.893;0;0;0;25.678;-1.809;0;0;0;-1.131;-2.940;22.738;219;20;-1.078;-899;-140;0;663;-173;-1.388;21.350;0;21.350;0;0;21.350;-204
COOPERATIVA DE ECONOMIA E CRÉDITO MÚTUO DOS MÉDICOS, PROFISSIONAIS DAS CIÊNCIAS E DAS ARTES E EMPRESÁRIOS DA REGIÃO OESTE DO PARANÁ LTDA. - UNIPRIME OESTE DO PARANÁ;1736243;;;;b3S;2;9;CASCAVEL;PR;06/2016;13.782;0;11.755;0;0;0;25.537;-13.698;-34;0;0;-937;-14.669;10.868;292;220;-2.248;-1.818;-10;0;172;-22;-3.414;7.454;0;7.453;0;-405;7.048;-1.889
COOPERATIVA DE CRÉDITO DE LIVRE ADMISSÃO DE ITAÍ-PARANAPANEMA-AVARÉ;966246;;;;b3S;2;9;ITAI;SP;06/2016;18.394;0;7.090;0;0;0;25.484;-8.671;-1.799;0;0;-4.394;-14.864;10.621;885;2.141;-5.838;-4.275;-51;0;923;-822;-7.036;3.585;12;3.597;-123;-198;3.276;0
COOPERATIVA DE CRÉDITO E INVESTIMENTO DE LIVRE ADMISSÃO GRANDES LAGOS DO PARANÁ E LITORAL PAULISTA - SICREDI GRANDES LAGOS PR/SP;81115149;;;;b3S;2;9;LARANJEIRAS DO SUL;PR;06/2016;18.697;0;6.767;0;0;13;25.477;-6.036;-1.738;0;0;-6.376;-14.150;11.327;3.610;1.931;-7.184;-6.132;-88;0;1.183;-3.637;-10.317;1.010;27;1.037;-263;0;773;0
COOPERATIVA DE CRÉDITO DA REGIÃO MERIDIONAL DO BRASIL - SICOOB UNICOOB MERIDIONAL;5392810;;;;b3S;2;9;TOLEDO;PR;06/2016;17.003;0;8.469;0;0;0;25.471;-11.510;-625;0;0;-1.971;-14.106;11.365;1.551;1.117;-5.351;-5.303;-62;0;592;-1.045;-8.501;2.864;34;2.898;-204;0;2.694;0
COOPERATIVA DE CRÉDITO DE LIVRE ADMISSÃO DO VALE DO MOGI GUAÇU E SUDOESTE PAULISTA - SICOOB CREDIGUAÇU;67960229;;;;b3S;2;9;DESCALVADO;SP;06/2016;20.401;0;5.067;0;0;0;25.468;-8.859;-447;0;0;-1.888;-11.194;14.274;700;1.037;-6.229;-5.193;-54;0;717;-580;-9.603;4.672;-169;4.503;-12;0;4.491;0
BANCO RANDON S.A.;11476673;;;80800;b2;2;8;CAXIAS DO SUL;RS;06/2016;22.430;0;2.683;0;0;0;25.113;-5.998;-4.286;0;0;-2.306;-12.590;12.523;30;186;-3.112;-1.941;-714;0;220;1;-5.333;7.191;0;7.191;-3.152;-278;3.760;0
BTG PACTUAL CORRETORA DE TÍTULOS E VALORES MOBILIÁRIOS S.A.;43815158;BTG PACTUAL;49944;80336;n2;2;15;RIO DE JANEIRO;RJ;06/2016;6;0;23.260;1.764;0;0;25.030;0;-11.681;0;0;0;-11.681;13.349;37.562;631;-10.128;-14.528;-4.948;0;14.329;-69;22.850;36.199;0;36.199;-15.655;-1.865;18.680;0
COOPERATIVA DE CRÉDITO DE LIVRE ADMISSÃO DA REGIÃO DE VARGINHA LTDA - SICOOB CREDIVAR;25798596;;;;b3S;2;9;VARGINHA;MG;06/2016;16.396;0;8.356;0;0;0;24.752;-7.915;-2.221;0;0;-2.482;-12.617;12.135;1.620;1.130;-5.488;-5.158;-102;0;3.707;-392;-4.684;7.451;44;7.494;-294;-319;6.882;0
COOPERATIVA DE CRÉDITO DE LIVRE ADMISSÃO DE ASSOCIADOS OESTE CATARINENSE;78825023;;;;b3S;2;9;PALMITOS;SC;06/2016;16.582;0;7.936;0;0;1;24.519;-10.121;-1.069;0;0;-1.539;-12.729;11.790;647;1.198;-3.951;-3.216;-62;0;687;-492;-5.190;6.600;29;6.629;-128;0;6.501;0
COOPERATIVA DE CRÉDITO E INVESTIMENTO TERRA DOS PINHEIRAIS DO PARANÁ E NOROESTE PAULISTA - SICREDI PLANALTO DAS ÁGUAS PR/SP;77984870;;;;b3S;2;9;GUARAPUAVA;PR;06/2016;18.259;0;6.085;0;0;13;24.356;-4.681;-2.591;0;0;-3.589;-10.862;13.494;3.166;1.450;-6.073;-4.339;-90;0;857;-3.227;-8.255;5.239;83;5.322;-339;0;4.983;0
COOPERATIVA DE CRÉDITO DE LIVRE ADMISSÃO DE ASSOCIADOS DO VALE DO CANOINHAS - SICOOB CREDICANOINHAS/SC;78834975;;;;b3S;2;9;CANOINHAS;SC;06/2016;15.782;0;8.195;0;0;0;23.976;-8.830;-1.485;0;0;-1.102;-11.417;12.559;924;1.293;-5.055;-3.315;-51;148;202;-1.540;-7.394;5.165;-26;5.139;-133;0;5.007;0
CENTRAL DAS COOPERATIVAS DE ECONOMIA E CRÉDITO DO PLANALTO CENTRAL LTDA - SICOOB PLANALTO CENTRAL;692214;;;;b3C;2;9;BRASILIA;DF;06/2016;7.039;0;16.840;0;0;0;23.880;-23.931;0;0;0;355;-23.576;304;4;0;-3.114;-1.898;-17;5.807;5.470;-317;5.934;6.238;0;6.238;1;0;6.237;0
COOPERATIVA DE CRÉDITO DE LIVRE ADMISSÃO DO VALE DO PARANAÍBA LTDA.;24799033;;;;b3S;2;9;QUIRINOPOLIS;GO;06/2016;19.994;0;3.751;0;0;0;23.745;-4.353;-1.535;0;0;-1.866;-7.754;15.991;343;1.535;-5.995;-4.707;-12;0;743;-928;-9.021;6.970;-518;6.452;-7;0;6.444;0
COOPERATIVA DE CRÉDITO DE LIVRE ADMISSÃO DE ITAÚNA E REGIÃO LTDA - SICOOB CENTRO-OESTE;66463407;;;;b3S;2;9;ITAUNA;MG;06/2016;15.345;0;8.354;0;0;0;23.700;-11.125;-688;0;0;-3.513;-15.326;8.373;697;1.064;-2.918;-3.108;-35;0;142;-282;-4.439;3.934;-3.180;754;-16;0;738;0
BRAM - BRADESCO ASSET MANAGEMENT S.A. DISTRIBUIDORA DE TÍTULOS E VALORES MOBILIÁRIOS;62375134;BRADESCO;10045;80075;n2;2;16;OSASCO;SP;06/2016;0;0;23.602;0;0;0;23.602;0;0;0;0;0;0;23.602;68.047;0;-32.644;-13.472;-5.967;-22;41;-4.656;11.328;34.930;-8;34.922;-16.482;0;18.440;0
COOPERATIVA DE CRÉDITO RURAL E DOS EMPRESÁRIOS DO CENTRO DO ESTADO DE RONDÔNIA - SICOOB CENTRO;8044854;;;;b3S;2;9;JI-PARANA;RO;06/2016;19.959;0;3.535;0;0;47;23.541;-4.099;-1.128;0;0;-6.445;-11.673;11.868;1.009;891;-5.478;-4.597;-81;0;835;-404;-7.826;4.042;-49;3.993;-59;0;3.935;-2.393
BANCO CLASSICO S.A.;31597552;;;81665;b1;2;8;RIO DE JANEIRO;RJ;06/2016;0;0;23.399;0;0;0;23.399;0;0;0;0;0;0;23.399;11;0;-326;-1.359;-1;0;1;-16;-1.691;21.708;0;21.708;-227;0;21.481;0
COOPERATIVA DE CRÉDITO MÚTUO SERRA MAR LTDA. - UNICRED SERRA MAR;86803939;;;;b3S;2;9;NOVA IGUACU;RJ;06/2016;15.289;0;8.036;0;0;0;23.325;-10.062;0;0;0;-5.090;-15.152;8.174;701;128;-5.072;-6.409;-40;0;510;-569;-10.752;-2.579;0;-2.579;-12;0;-2.591;0
COOPERATIVA DE ECONOMIA E CRÉDITO MÚTUO DOS PROFISSIONAIS DAS CIÊNCIAS E DAS ARTES DO CENTRO OESTE DO BRASIL LTDA;73647935;;;;b3S;2;9;CAMPO GRANDE;MS;06/2016;10.893;0;12.346;0;0;0;23.239;-10.930;0;0;0;-595;-11.526;11.713;107;362;-3.516;-2.652;-19;0;0;0;-5.718;5.995;-7;5.988;-1;0;5.987;-4.650
BARIGUI COMPANHIA HIPOTECÁRIA;14511781;BARIGUI;51774;80893;n1;2;29;CURITIBA;PR;06/2016;22.873;0;265;0;0;0;23.138;-11.733;0;0;0;-1.366;-13.099;10.039;312;202;-737;-4.255;-556;0;35;-93;-5.093;4.946;-399;4.547;-1.494;-56;2.997;0
COOPERATIVA DE CRÉDITO DE LIVRE ADMISSÃO SUL-LITORÂNEA DO ESPÍRITO SANTO;32474884;;;;b3S;2;9;ALFREDO CHAVES;ES;06/2016;17.157;0;5.706;0;0;0;22.862;-7.636;-794;0;0;-3.802;-12.233;10.629;1.386;1.436;-3.692;-4.079;-110;0;1.030;-607;-4.636;5.993;-78;5.916;-248;-168;5.500;0
BMW FINANCEIRA S.A. - CREDITO, FINANCIAMENTO E INVESTIMENTO;4452473;BMW;51420;80635;n1;3;14;SAO PAULO;SP;06/2016;135.839;0;3.388;-116.405;0;0;22.823;-47.573;-48.348;0;0;-18.049;-113.970;-91.147;138;3.227;-8.947;-14.288;-3.131;0;128.374;-21.758;83.614;-7.533;0;-7.533;1.776;0;-5.757;0
CHG-MERIDIAN DO BRASIL ARRENDAMENTO MERCANTIL S.A.;18539102;;;82994;n1;3;19;BARUERI;SP;06/2016;0;22.718;0;0;0;0;22.718;-15;-6.461;-14.227;0;147;-20.556;2.162;0;0;-3.360;-1.038;-150;0;7;-234;-4.775;-2.613;45;-2.568;0;0;-2.568;0
ESTRELA MINEIRA CREDITO, FINANCIAMENTO E INVESTIMENTO S/A;5351887;;;83584;n1;2;14;ARAXA;MG;06/2016;21.580;0;1.131;0;0;0;22.712;-4.544;0;0;0;-2.556;-7.100;15.611;0;0;-410;-6.368;-834;0;5;-71;-7.677;7.934;-13;7.921;-4.563;0;3.358;0
COOPERATIVA DE ECONOMIA E CRÉDITO MÚTUO DOS PROFISSIONAIS DO CREA DOS ESTADOS DE SANTA CATARINA E PARANÁ - CREDCREA;5979692;;;;b3S;2;9;FLORIANOPOLIS;SC;06/2016;17.434;0;5.112;0;0;0;22.546;-7.628;-1.332;0;0;-5.041;-14.001;8.545;1.499;846;-3.340;-4.786;-15;0;4;-723;-6.515;2.030;-243;1.786;0;-212;1.575;0
COOPERATIVA DE CRÉDITO DO NOROESTE DO PARANÁ - SICOOB NOROESTE DO PARANÁ;5772229;;;;b3S;2;9;PARANAVAI;PR;06/2016;20.569;0;1.941;0;0;0;22.510;-4.944;-1.165;0;0;-4.606;-10.715;11.794;1.436;1.816;-6.001;-6.241;-54;0;457;-1.122;-9.708;2.086;-587;1.499;-67;0;1.432;-1.564
COOPERATIVA DE CRÉDITO DE LIVRE ADMISSÃO DO PONTAL DO TRIANGULO LTDA - SICOOB CREDIPONTAL;26178533;;;;b3S;2;9;ITUIUTABA;MG;06/2016;17.223;0;5.153;0;0;0;22.376;-6.272;-3.774;0;0;-2.228;-12.275;10.101;850;1.159;-3.921;-2.883;-150;0;802;-575;-4.718;5.383;-80;5.303;-158;0;5.145;0
COOPERATIVA DE CRÉDITO DE LIVRE ADMISSÃO DA REGIÃO CENTRAL E OESTE MINEIRO LTDA. - SICOOB DIVICRED;1736516;;;;b3S;2;9;DIVINOPOLIS;MG;06/2016;17.651;0;4.712;0;0;0;22.363;-7.019;-7;0;0;-4.315;-11.341;11.022;1.391;1.580;-4.841;-5.186;-141;0;223;-678;-7.651;3.371;-6;3.365;-73;-23;3.268;-2.026
PSA FINANCE ARRENDAMENTO MERCANTIL S.A.;3502968;PSA FINANCE;51365;80594;n1;3;19;SAO PAULO;SP;06/2016;57;2.405;19.590;0;0;0;22.051;0;0;-2.293;0;-34;-2.327;19.725;0;0;0;-1.560;-949;0;0;-130;-2.640;17.085;0;17.085;-5.457;0;11.628;-6.740
CREDIT SUISSE HEDGING-GRIFFO CORRETORA DE VALORES S.A;61809182;CREDIT SUISSE;30771;80219;n2;3;15;SAO PAULO;SP;06/2016;0;0;28.448;-6.654;0;0;21.794;0;0;0;0;0;0;21.794;170.650;0;-57.091;-16.692;-12.929;0;40.599;-59.276;65.260;87.054;0;87.054;-33.828;0;53.226;0
COOPERATIVA DE CRÉDITO DE LIVRE ADMISSÃO DO CENTRO NORTE GOIANO;2282709;;;;b3S;2;9;ANAPOLIS;GO;06/2016;18.381;0;3.395;0;0;0;21.776;-7.203;-68;0;0;-2.366;-9.637;12.140;932;1.276;-4.120;-4.285;-92;0;47;-581;-6.823;5.317;-714;4.603;0;0;4.603;0
COOPERATIVA DE CRÉDITO DE LIVRE ADMISSÃO CAMPOS DAS VERTENTES LTDA. - SICOOB CREDIVERTENTES;22724710;;;;b3S;2;9;SAO TIAGO;MG;06/2016;15.902;0;5.678;0;0;0;21.580;-8.123;-1.046;0;0;-926;-10.095;11.485;819;1.870;-4.354;-4.081;-58;0;929;-529;-5.404;6.081;-28;6.053;-144;-357;5.552;-635
COOPERATIVA DE CRÉDITO DO NORTE CATARINENSE E SUL PARANAENSE - SICOOB CREDINORTE;81011686;;;;b3S;2;9;MAFRA;SC;06/2016;16.809;0;4.690;0;0;0;21.498;-7.911;-1.699;0;0;-2.123;-11.732;9.766;1.120;1.727;-3.926;-4.292;-61;0;648;-633;-5.417;4.349;-101;4.248;-74;0;4.175;-354
COOPERATIVA DE CRÉDITO DE LIVRE ADMISSÃO DE ASSOCIADOS DO SUL DO ESTADO DE SANTA CATARINA   SICREDI SUL SC;3793242;;;;b3S;2;9;CRICIUMA;SC;06/2016;16.219;0;5.133;0;0;0;21.352;-7.511;-544;0;0;-2.852;-10.907;10.445;2.565;1.551;-4.746;-4.720;-46;0;395;-3.489;-8.489;1.956;447;2.403;-38;0;2.365;0
COOPERATIVA DE POUPANÇA E CRÉDITO DE LIVRE ADMISSÃO DO VALE DO RIO DOCE LTDA. - SICOOB CREDIRIODOCE;25606237;;;;b3S;2;9;GOVERNADOR VALADARES;MG;06/2016;14.670;0;6.501;0;0;0;21.171;-7.450;-1.188;0;0;-2.697;-11.335;9.836;1.378;1.917;-5.776;-4.624;-105;0;1.054;-901;-7.058;2.778;-29;2.750;-170;-25;2.554;-1.200
ICAP DO BRASIL CORRETORA DE TÍTULOS E VALORES MOBILIÁRIOS LTDA.;9105360;;;82705;n2;3;15;RIO DE JANEIRO;RJ;06/2016;615;0;19.178;1.328;0;0;21.121;-1.721;-34;0;0;-90;-1.845;19.276;28.825;4.000;-26.609;-21.487;-3.551;0;399;-3.004;-21.427;-2.152;1;-2.152;-631;0;-2.783;0
PERNAMBUCRED - COOPERATIVA DE ECONOMIA E CRÉDITO MÚTUO DOS SERVIDORES PÚBLICOS DOS PODERES EXECUTIVO, LEGISLATIVO, JUDICIÁRIO E DO MINISTÉRIO PÚBLICO EM PERNAMBUCO;4146333;;;;b3S;2;9;RECIFE;PE;06/2016;19.256;0;1.672;0;0;0;20.928;-7.350;-2.041;0;0;-1.537;-10.927;10.001;200;367;-3.106;-2.434;-18;1;309;-1.095;-5.775;4.226;-51;4.175;0;-238;3.936;0
COOPERATIVA DE CRÉDITO DE LIVRE ADMISSÃO DO VALE - SICOOB CREDIVALE/SC;86829827;;;;b3S;2;9;BRACO DO NORTE;SC;06/2016;13.776;0;7.099;0;0;0;20.875;-8.760;-731;0;0;-2.058;-11.550;9.326;929;754;-3.290;-3.385;-45;0;212;-516;-5.340;3.986;15;4.001;-98;0;3.903;-527
BANCO CIFRA S.A.;62421979;BMG;30290;80178;b1;2;8;SAO PAULO;SP;06/2016;0;0;20.468;0;0;0;20.468;0;0;0;0;0;0;20.468;0;0;0;0;-952;0;99;0;-853;19.615;0;19.615;-8.929;0;10.686;0
VOTORANTIM - CORRETORA DE TÍTULOS E VALORES MOBILIÁRIOS LTDA.;1170892;VOTORANTIM;51011;80484;n2;2;15;SAO PAULO;SP;06/2016;0;0;20.317;0;0;0;20.317;-207;0;0;0;0;-207;20.110;10.718;633;-11.339;-12.532;-2.031;0;3.311;-956;-12.196;7.915;-51;7.863;-2.019;-3.415;2.430;0
COOPERATIVA DE CRÉDITO DE LIVRE ADMISSÃO DE ASSOCIADOS VALE DO CHAPECOZINHO - SICOOB VALCREDI SUL;2090126;;;;b3S;2;9;PASSOS MAIA;SC;06/2016;16.529;0;3.598;0;0;0;20.127;-6.741;-1.264;0;0;-3.804;-11.808;8.319;556;352;-2.693;-3.296;-29;0;538;-446;-5.019;3.300;-88;3.213;-20;0;3.192;0
COOPERATIVA DE CRÉDITO DE LIVRE ADMISSÃO DO VALE DO ARAGUAIA LTDA.;24830879;;;;b3S;2;9;MINEIROS;GO;06/2016;13.212;0;6.876;0;0;0;20.087;-1.882;-706;0;0;-873;-3.460;16.627;237;315;-2.036;-1.398;-15;0;924;-328;-2.301;14.325;0;14.325;-77;0;14.248;0
COOPERATIVA DE CRÉDITO E INVESTIMENTO DE LIVRE ADMISSÃO DO ALTO PARANAPANEMA - SICREDI CAPAL PR/SP;7206072;;;;b3S;2;9;ARAPOTI;PR;06/2016;11.407;0;8.570;0;0;0;19.978;-8.636;-1.496;0;0;-1.815;-11.947;8.031;1.634;963;-3.985;-3.038;-57;0;290;-2.086;-6.279;1.752;133;1.885;-174;0;1.711;0
COOPERATIVA DE CRÉDITO DE LIVRE ADMISSÃO DO MÉDIO PIRACICABA E DO CIRCUITO DO OURO LTDA. - SICOOB CREDIMEPI;1644264;;;;b3S;2;9;JOAO MONLEVADE;MG;06/2016;13.771;0;6.149;0;0;0;19.920;-8.327;-323;0;0;-2.974;-11.623;8.297;1.169;1.600;-3.616;-3.990;-70;0;365;-450;-4.992;3.305;-105;3.199;-112;-17;3.071;0
COOPERATIVA DE CRÉDITO SICOOB ALIANÇA;6174009;;;;b3S;2;9;APUCARANA;PR;06/2016;14.997;0;4.894;0;0;0;19.891;-7.650;-597;0;0;-1.808;-10.055;9.836;1.754;1.757;-3.483;-4.875;-39;0;232;-1.126;-5.781;4.056;-85;3.970;-109;0;3.861;-1.357
COOPERATIVA DE CRÉDITO DE LIVRE ADMISSÃO DE ASSOCIADOS DO NORTE DE MINAS LTDA - SICOOB CREDINOR;21866694;;;;b3S;2;9;MONTES CLAROS;MG;06/2016;13.552;0;6.320;0;0;0;19.873;-6.220;-2.298;0;0;-1.884;-10.402;9.471;1.781;1.804;-6.339;-4.429;-113;0;878;-698;-7.116;2.355;-32;2.323;-245;0;2.078;-512
BANCO BNP PARIBAS BRASIL S.A.;1522368;BNP PARIBAS;51516;80673;b1;3;8;SAO PAULO;SP;06/2016;140.263;0;1.252.013;-1.372.541;0;0;19.734;-823.694;-51.015;0;-17.180;-21.994;-913.883;-894.149;76.943;1.238;-177.596;-59.614;-13.995;1.572;1.317.947;-111.898;1.034.598;140.449;-2.369;138.079;-44.966;-6.154;86.959;0
COOPERATIVA DE CRÉDITO DE LIVRE ADMISSÃO DE ASSOCIADOS DO SUDESTE PARAENSE - SICREDI CARAJÁS PA;8723661;;;;b3S;2;9;REDENCAO;PA;06/2016;17.335;0;2.234;0;0;0;19.569;-2.810;-2.832;0;0;-16.500;-22.142;-2.573;1.556;1.769;-4.006;-5.156;-40;0;156;-4.636;-10.356;-12.929;-638;-13.567;-42;0;-13.609;0
COOPERATIVA CENTRAL DE CRÉDITO DA BAHIA - SICOOB CENTRAL BA;34148882;;;;b3C;2;9;SALVADOR;BA;06/2016;344;0;18.988;0;0;0;19.333;-18.038;0;0;0;-685;-18.723;610;2;0;-2.877;-1.117;-13;1.315;4.035;-23;1.322;1.932;0;1.932;0;0;1.932;0
EASYNVEST - TÍTULO CORRETORA DE VALORES SA;62169875;;;82877;n2;2;15;SAO PAULO;SP;06/2016;152;0;19.100;0;0;0;19.252;-233;0;0;0;0;-233;19.020;1.575;4.089;-5.993;-6.506;-1.533;0;2.276;0;-6.092;12.928;0;12.928;-4.538;1;8.389;0
COOPERATIVA DE CRÉDITO DE LIVRE ADMISSÃO DE ASSOCIADOS TEIXEIRA DE FREITAS LTDA. - SICOOB EXTREMO SUL;2447120;;;;b3S;2;9;TEIXEIRA DE FREITAS;BA;06/2016;11.177;0;8.007;0;0;0;19.185;-4.568;-458;0;0;-2.834;-7.860;11.325;768;870;-2.753;-3.123;-49;0;945;-406;-3.747;7.578;-4;7.574;-57;0;7.517;-4.279
COOPERATIVA DE CRÉDITO DE LIVRE ADMISSÃO DO OESTE MINEIRO LTDA. - SICOOB CREDICOPA;71297899;;;;b3S;2;9;PATOS DE MINAS;MG;06/2016;12.715;0;6.408;0;0;0;19.123;-6.741;-604;0;0;-1.935;-9.279;9.844;1.388;545;-3.764;-3.233;-112;0;356;-193;-5.014;4.830;-19;4.811;-95;0;4.716;0
COOPERATIVA DE CRÉDITO DE LIVRE ADMISSÃO DE BOM DESPACHO LTDA - SICOOB CREDIBOM;21670187;;;;b3S;2;9;BOM DESPACHO;MG;06/2016;12.612;0;6.466;0;0;0;19.078;-8.379;-608;0;0;-1.028;-10.014;9.064;1.150;739;-4.199;-3.205;-90;0;1.065;-544;-5.084;3.980;-31;3.948;-223;-135;3.590;0
COOPERATIVA DE CRÉDITO DOS PROFISSIONAIS DA SAÚDE DAS REGIÕES DO TRIÂNGULO, CIRCUITO DAS ÁGUAS E CENTRO DE MINAS LTDA. - UNICRED MINEIRA;70937271;;;;b3S;2;9;UBERLANDIA;MG;06/2016;14.365;0;4.680;0;0;0;19.045;-8.056;0;0;0;-1.476;-9.532;9.514;1.125;549;-4.673;-4.838;-23;0;4;-349;-8.205;1.309;21;1.330;0;0;1.330;-87
AGÊNCIA DE FOMENTO DO ESTADO DO AMAZONAS S.A. - AFEAM;3183937;;;81108;n1;1;30;MANAUS;AM;06/2016;2.466;0;16.518;-98;0;0;18.885;0;-1.619;0;0;-1.150;-2.769;16.116;14.431;307;-13.510;-5.985;-756;0;22;-273;-5.764;10.353;-1.335;9.018;-4.642;0;4.376;0
COOPERATIVA DE CRÉDITO DE LIVRE ADMISSÃO DO VALE DO PARANAPANEMA;1637949;;;;b3S;2;9;PRESIDENTE PRUDENTE;SP;06/2016;15.009;0;3.748;0;0;0;18.757;-7.129;-538;0;0;-4.442;-12.109;6.648;263;441;-3.831;-2.663;-22;0;296;-148;-5.665;983;16;1.000;-29;-116;855;-63
BANCO GERADOR S.A.;10664513;;;81809;b1;2;2;RECIFE;PE;06/2016;16.335;0;2.921;-548;0;0;18.708;-10.621;-129;0;0;293;-10.458;8.250;6;403;-2.211;-10.431;-338;0;426;-4.254;-16.400;-8.150;-1.856;-10.007;4.003;0;-6.004;0
COOPERATIVA DE CRÉDITO DAS MATAS DE MINAS LTDA. - SICOOB CREDISUDESTE;22656789;;;;b3S;2;9;MURIAE;MG;06/2016;12.439;0;6.263;0;0;0;18.702;-7.076;-652;0;0;-2.386;-10.114;8.588;1.672;1.639;-6.516;-5.331;-137;0;1.005;-706;-8.373;215;25;240;-238;0;1;0
BMG LEASING S.A. - ARRENDAMENTO MERCANTIL;34265561;BMG;30290;80178;n1;2;19;SAO PAULO;SP;06/2016;86;384;18.131;0;0;0;18.601;0;0;-319;0;1;-318;18.283;0;0;-1.771;-765;-856;0;2.964;-4.886;-5.315;12.969;-7;12.962;-2.039;-621;10.301;-3.800
COOPERATIVA DE ECONOMIA E CRÉDITO MÚTUO DOS MÉDICOS DOS VALES DO TAQUARI E RIO PARDO E REGIÃO DA PRODUÇÃO LTDA;1635462;;;;b3S;2;9;LAJEADO;RS;06/2016;14.273;0;4.208;0;0;0;18.481;-9.270;0;0;0;-392;-9.662;8.819;617;79;-2.530;-3.408;-13;0;5;-149;-5.400;3.419;381;3.801;-115;-120;3.566;-2.065
FACTA FINANCEIRA S.A. - CRÉDITO FINANCIAMENTO E INVESTIMENTO;15581638;;;83704;n1;2;14;PORTO ALEGRE;RS;06/2016;18.309;0;87;0;0;0;18.395;-3.728;0;0;0;-2.725;-6.453;11.942;0;0;-324;-6.921;-691;0;461;-2.734;-10.209;1.733;-360;1.373;-1.470;0;-97;0
COOPERATIVA DE ECONOMIA E CRÉDITO MÚTUO DOS INTEGRANTES DO MINISTÉRIO PÚBLICO NO ESTADO DO RIO DE JANEIRO LIMITADA - SICOOB COOMPERJ;4694278;;;;b3S;2;9;RIO DE JANEIRO;RJ;06/2016;5.633;0;12.666;0;0;0;18.298;-14.263;0;0;0;-552;-14.815;3.484;70;26;-1.752;-1.414;-17;0;506;-162;-2.743;741;0;741;-23;0;718;-477
COOPERATIVA DE CRÉDITO DE LIVRE ADMISSÃO DE SETE LAGOAS LTDA - SICOOB CREDISETE;22753982;;;;b3S;2;9;SETE LAGOAS;MG;06/2016;13.982;0;4.265;0;0;0;18.247;-6.180;-318;0;0;-4.041;-10.539;7.708;1.380;1.511;-4.463;-3.931;-53;0;369;-497;-5.684;2.024;10;2.034;-143;-171;1.720;0
COOPERATIVA DE CRÉDITO DE LIVRE ADMISSÃO DO ALTO PARANAÍBA E REGIÃO LTDA.;25387671;;;;b3S;2;9;PATOS DE MINAS;MG;06/2016;12.677;0;5.556;0;0;0;18.234;-5.455;-845;0;0;-1.957;-8.257;9.976;1.202;1.006;-4.131;-3.711;-81;0;941;-722;-5.495;4.481;-128;4.354;-157;-3;4.193;0
C H B - COMPANHIA HIPOTECARIA BRASILEIRA;10694628;;;81854;n1;2;29;NATAL;RN;06/2016;18.011;0;217;0;0;0;18.227;-14.292;-472;0;0;-1.208;-15.972;2.255;1.511;0;-1.871;-3.654;0;0;511;0;-3.502;-1.247;0;-1.247;0;0;-1.247;0
COOPERATIVA DE CREDITO DE LIVRE ADMISSAO DA ALTA MOGIANA;67096909;;;;b3S;2;9;FRANCA;SP;06/2016;13.372;0;4.501;0;0;0;17.873;-5.458;-2.724;0;0;-526;-8.708;9.165;259;116;-2.660;-1.435;-21;0;1.125;-90;-2.707;6.458;11;6.469;-49;0;6.420;0
RICO CORRETORA DE TÍTULOS E VALORES MOBILIÁRIOS S.A.;13434335;;;82949;n2;2;15;SAO PAULO;SP;06/2016;463;0;17.393;0;0;0;17.856;0;0;0;0;-89;-89;17.767;6.920;20.593;-11.668;-16.735;-3.595;0;2.591;-589;-2.484;15.283;0;15.283;-6.180;-3.843;5.260;0
COOPERATIVA REGIONAL DE CRÉDITO DE LIVRE ADMISSÃO DO SUDOESTE MINEIRO E NORDESTE PAULISTA LTDA - SICOOB NOSSO CRÉDITO;22760839;;;;b3S;2;9;SAO SEBASTIAO DO PARAISO;MG;06/2016;14.471;0;3.308;0;0;0;17.780;-6.265;-1.579;0;0;-399;-8.242;9.537;698;1.049;-3.871;-3.324;-63;0;1.656;-703;-4.557;4.980;6;4.986;-97;-550;4.339;0
COOPERATIVA DE CRÉDITO DE LIVRE ADMISSÃO DE ASSOCIADOS DO PLANALTO CATARINENSE SICOOB CREDIPLANALTO SC/RS;1389651;;;;b3S;2;9;PAPANDUVA;SC;06/2016;11.277;0;6.381;0;0;0;17.659;-8.219;-959;0;0;-815;-9.993;7.666;675;626;-2.877;-2.344;-46;0;260;-208;-3.915;3.751;30;3.781;-94;0;3.687;-827
BANCO MIZUHO DO BRASIL S.A.;61088183;MIZUHO;51554;80697;b1;3;8;SAO PAULO;SP;06/2016;-13.522;0;151.984;-120.811;0;0;17.651;-92.624;-39.273;0;-53.641;60.792;-124.745;-107.094;6.677;0;-29.695;-15.205;-4.776;-13.010;228.992;-24.407;148.576;41.482;-55;41.427;-25.720;-1.312;14.395;0
COOPERATIVA DE CREDITO DE LIVRE ADMISSÃO DA ALTA PAULISTA - SICOOB COCREALPA;59869560;;;;b3S;2;9;ADAMANTINA;SP;06/2016;10.565;0;6.990;0;0;0;17.555;-7.075;-965;0;0;-3.640;-11.680;5.875;210;191;-3.298;-2.540;-26;0;467;-37;-5.031;844;26;869;-51;0;818;0
COOPERATIVA DE CRÉDITO DO IGUAÇU INTEGRADO - SICOOB INTEGRADO;7122321;;;;b3S;2;9;PATO BRANCO;PR;06/2016;14.860;0;2.653;0;0;0;17.512;-5.888;-733;0;0;-4.943;-11.564;5.948;1.232;1.535;-4.568;-4.136;-41;0;286;-673;-6.364;-415;12;-404;-105;0;-509;0
COOPERATIVA DE CRÉDITO DE LIVRE ADMISSÃO DO LESTE DE MINAS LTDA. - SICOOB CREDICAF;25395435;;;;b3S;2;9;LAJINHA;MG;06/2016;12.981;0;4.417;0;0;0;17.398;-5.764;-1.489;0;0;-2.590;-9.843;7.555;1.213;328;-4.289;-3.471;-96;0;1.588;-556;-5.282;2.273;66;2.339;-218;-231;1.889;-944
COOPERATIVA DE CRÉDITO DE LIVRE ADMISSÃO DA REGIÃO METROPOLITANA DE GOIÂNIA LTDA. - SECOVICRED;7599206;;;;b3S;2;9;GOIANIA;GO;06/2016;12.963;0;4.419;0;0;0;17.382;-5.081;0;0;0;-1.932;-7.013;10.369;1.889;898;-2.861;-6.049;-33;0;491;-2.347;-8.011;2.358;-272;2.086;0;0;2.086;0
COOPERATIVA DE CRÉDITO DE LIVRE ADMISSÃO DAS MICRO-REGIÕES DE GOIÂNIA E ANÁPOLIS LTDA;2935307;;;;b3S;2;9;GOIANIA;GO;06/2016;14.491;0;2.827;0;0;0;17.319;-3.417;-83;0;0;-1.358;-4.858;12.461;551;616;-2.597;-2.078;-13;0;691;-613;-3.443;9.018;-7;9.011;-76;0;8.934;0
COOPERATIVA DE CRÉDITO E INVESTIMENTOS DE LIVRE ADMISSÃO DO VALE DO IVAÍ - SICREDI VALE DO IVAÍ PR;81706616;;;;b3S;2;9;JANDAIA DO SUL;PR;06/2016;12.281;0;4.983;0;0;10;17.274;-5.386;-817;0;0;-1.726;-7.929;9.345;2.110;1.273;-4.722;-4.100;-59;0;526;-2.479;-7.452;1.894;26;1.920;-201;0;1.719;0
ING CORRETORA DE CAMBIO E TITULOS S.A.;4848115;ING;51073;80501;n2;3;15;SAO PAULO;SP;06/2016;0;0;17.157;0;0;0;17.157;0;0;0;0;0;0;17.157;0;0;0;-383;-803;0;1.464;-777;-499;16.658;0;16.658;-7.416;0;9.242;0
COOPERATIVA DE CRÉDITO DE LIVRE ADMISSÃO DE ASSOCIADOS NOVA TRENTO   SICOOB TRENTOCREDI SC;2641969;;;;b3S;2;9;NOVA TRENTO;SC;06/2016;8.817;0;8.297;0;0;0;17.114;-7.833;-8;0;0;-1.073;-8.914;8.200;857;1.408;-3.144;-3.142;-59;0;307;-431;-4.204;3.996;2;3.999;-96;0;3.903;0
COOPERATIVA DE CRÉDITO DE LIVRE ADMISSÃO DO CENTRO GOIANO LTDA.;3730508;;;;b3S;2;9;GOIANIA;GO;06/2016;14.750;0;2.182;0;0;0;16.932;-3.175;-1.354;0;0;-1.587;-6.116;10.817;680;379;-3.847;-4.618;-27;0;1.867;-992;-6.558;4.259;-140;4.119;-14;0;4.105;0
COOPERATIVA DE CRÉDITO COOCRELIVRE;53935029;;;;b3S;2;9;ORLANDIA;SP;06/2016;8.218;0;8.668;0;0;0;16.886;-4.128;-1.220;0;0;-1.124;-6.472;10.414;301;738;-2.507;-1.826;-23;0;395;-633;-3.554;6.860;6;6.866;-18;-247;6.601;0
PARMETAL DISTRIBUIDORA DE TÍTULOS E VALORES MOBILIÁRIOS LTDA;20155248;;;84019;n2;2;16;SAO PAULO;SP;06/2016;0;0;14.097;1.579;1.201;0;16.877;0;0;0;0;0;0;16.877;0;0;-2.804;-5.049;-785;0;0;-567;-9.205;7.672;-303;7.370;-3.526;0;3.843;0
COOPERATIVA DE CRÉDITO DE LIVRE ADMISSÃO DA REGIÃO DO CIRCUITO CAMPOS DAS VERTENTES LTDA - SICOOB COPERMEC;2232383;;;;b3S;2;9;CLAUDIO;MG;06/2016;9.255;0;7.329;0;0;0;16.584;-8.386;-18;0;0;-356;-8.760;7.824;950;594;-3.265;-2.055;-55;0;420;-340;-3.750;4.074;-31;4.043;-58;-114;3.871;0
ALFA CORRETORA DE CAMBIO E VALORES MOBILIARIOS S.A.;62178421;ALFA;51293;80570;n2;2;15;SAO PAULO;SP;06/2016;0;0;16.518;39;0;0;16.557;0;0;0;0;0;0;16.557;1.681;0;-443;-1.611;-1.243;0;335;-6;-1.288;15.268;0;15.268;-6.898;0;8.370;0
COOPERATIVA DE CRÉDITO DE LIVRE ADMISSÃO DE ASSOCIADOS ITAPIRANGA - SICOOB CREDITAPIRANGA SC/RS;78483310;;;;b3S;2;9;ITAPIRANGA;SC;06/2016;7.271;0;9.141;0;0;0;16.411;-9.053;-718;0;0;-618;-10.390;6.021;866;49;-2.569;-1.817;-42;0;237;-540;-3.817;2.205;6;2.211;-89;0;2.122;0
CREDUNI - COOPERATIVA DE ECONOMIA E CRÉDITO MÚTUO DOS SERVIDORES DAS INSTITUIÇÕES PÚBLICAS DE ENSINO SUPERIOR DO ESTADO DA PARAÍBA LTDA.;3428338;;;;b3S;2;9;CAMPINA GRANDE;PB;06/2016;14.918;0;1.462;0;0;0;16.379;-4.790;-616;0;0;-285;-5.692;10.688;24;38;-2.238;-1.245;-2;6;547;-800;-3.670;7.018;0;7.018;0;0;7.018;0
COOPERATIVA DE ECONOMIA E CRÉDITO MÚTUO DOS MÉDICOS E DEMAIS PROFISSIONAIS DA SAÚDE DE TOLEDO E REGIÃO LTDA. - UNIPRIME PIONEIRA DO PARANÁ;1286361;;;;b3S;2;9;TOLEDO;PR;06/2016;12.857;0;3.465;0;0;0;16.322;-6.867;-53;0;0;-895;-7.815;8.508;245;301;-2.705;-1.981;-15;0;104;-128;-4.180;4.327;131;4.459;-29;-125;4.305;-1.352
COOPERATIVA DE CRÉDITO DE LIVRE ADMISSÃO DA UNIÃO DOS VALES DO PIRANGA E MATIPÓ LTDA.   SICOOB UNIÃO;1060307;;;;b3S;2;9;RAUL SOARES;MG;06/2016;12.722;0;3.310;0;0;0;16.032;-5.098;-750;0;0;-2.028;-7.876;8.156;1.273;1.588;-4.195;-3.502;-82;0;644;-538;-4.813;3.344;-20;3.324;-169;-179;2.976;-634
COOPERATIVA DE CRÉDITO DE LIVRE ADMISSÃO DO VALE DO JAMARI - SICOOB VALE DO JAMARI;5203605;;;;b3S;2;9;BURITIS;RO;06/2016;14.333;0;1.445;0;0;0;15.777;-1.594;-1.643;0;0;-3.791;-7.027;8.750;383;1.035;-2.399;-2.763;-97;0;840;-539;-3.541;5.210;0;5.210;0;0;5.210;-2.042
COOPERATIVA DE CRÉDITO DE LIVRE ADMISSÃO DE ASSOCIADOS VALE DO RIO DO PEIXE - SICOOB CREDIRIO SC;78865995;;;;b3S;2;9;JOACABA;SC;06/2016;8.918;0;6.845;0;0;0;15.763;-8.613;-432;0;0;-1.161;-10.205;5.558;912;215;-2.280;-2.436;-64;0;238;-416;-3.832;1.726;1;1.725;-153;0;1.572;0
COOPERATIVA DE ECONOMIA E CREDITO MÚTUO DOS MÉDICOS DO PLANALTO MÉDIO DO RIO GRANDE DO SUL LTDA - CREDIPLAN;97259253;;;;b3S;2;9;PASSO FUNDO;RS;06/2016;8.073;0;7.497;0;0;0;15.570;-10.673;0;0;0;-43;-10.716;4.854;59;0;-800;-939;-6;0;3;-26;-1.709;3.145;-2;3.143;-17;-152;2.975;0
COOPERATIVA DE ECONOMIA E CRÉDITO MÚTUO DOS FUNCIONÁRIOS DA SECRETARIA DE ESTADO DA FAZENDA DE MINAS GERAIS E ÓRGÃOS OFICIAIS DO ESTADO DE MINAS GERAIS LTDA   SICOOB COOPSEF;16721078;;;;b3S;2;9;BELO HORIZONTE;MG;06/2016;11.111;0;4.434;0;0;0;15.546;-5.955;0;0;0;-155;-6.110;9.435;34;12;-3.537;-1.705;-26;0;467;-185;-4.939;4.496;124;4.620;-46;0;4.574;0
COOPERATIVA DE CRÉDITO DE LIVRE ADMISSÃO DE ASSOCIADOS DA REGIÃO DE PALMEIRA DAS MISSÕES - SICREDI GRANDE PALMEIRA/RS;87789178;;;;b3S;2;9;PALMEIRA DAS MISSOES;RS;06/2016;11.050;0;4.304;0;0;100;15.454;-3.862;-1.810;0;0;-1.504;-7.176;8.278;2.220;823;-3.925;-2.638;-48;0;1.188;-2.957;-5.337;2.941;-22;2.919;-104;0;2.815;0
COOPERATIVA CENTRAL DE CREDITO RURAL COM INTERAÇÃO SOLIDÁRIA   CENTRAL CRESOL SICOPER;21198087;;;;b3C;2;9;PASSO FUNDO;RS;06/2016;1.931;0;13.459;0;0;0;15.389;-11.954;-1.267;0;0;145;-13.076;2.313;0;0;-3.293;-379;0;0;4.197;-2.560;-2.036;278;0;278;0;0;278;0
COOPERATIVA DE CRÉDITO DE LIVRE ADMISSÃO DE ASSOCIADOS DE ARACAJU LTDA - UNICRED ARACAJU;2923389;;;;b3S;2;9;ARACAJU;SE;06/2016;12.336;0;3.005;0;0;0;15.341;-5.805;0;0;0;-1.950;-7.755;7.586;367;701;-1.751;-1.132;-24;2;281;-805;-2.361;5.225;-100;5.125;-19;-137;4.969;0
COOPERATIVA DE CRÉDITO DE LIVRE ADMISSÃO DE ASSOCIADOS SÃO JOSÉ DO CERRITO - SICOOB CREDICARU SC;694389;;;;b3S;2;9;SAO JOSE DO CERRITO;SC;06/2016;11.752;0;3.545;0;0;2;15.299;-3.923;-1.124;0;0;-1.308;-6.355;8.944;628;583;-2.199;-2.407;-41;0;302;-321;-3.456;5.488;6;5.494;-96;0;5.398;0
COOPERATIVA DE CRÉDITO DE LIVRE ADMISSÃO DO VALE DO MACHADO   CREDISIS JI-CRED;2309070;;;;b3S;2;9;JI-PARANA;RO;06/2016;13.781;0;1.493;0;0;0;15.274;-3.466;0;0;0;-525;-3.991;11.282;551;108;-3.390;-2.862;-22;0;114;-1.047;-6.548;4.735;-330;4.405;0;0;4.405;-1.445
COOPERATIVA DE CRÉDITO DE LIVRE ADMISSÃO DE ARIQUEMES LTDA. - CREDISIS CREDIARI;3222753;;;;b3S;2;9;ARIQUEMES;RO;06/2016;13.587;0;1.685;0;0;0;15.272;-2.898;-17;0;0;-592;-3.507;11.765;221;54;-2.526;-1.137;-13;0;44;-1.167;-4.524;7.241;-3;7.238;0;0;7.238;-2.799
ADVANCED CORRETORA DE CÂMBIO LTDA;92856905;;;82004;n2;2;21;SAO PAULO;SP;06/2016;0;0;136;0;15.110;0;15.246;0;0;0;0;75;75;15.321;6.759;0;-7.204;-12.498;-1.439;0;840;-567;-14.108;1.213;-101;1.112;-486;0;626;0
COOPERATIVA DE ECONOMIA E CRÉDITO MÚTUO DOS MÉDICOS E DEMAIS PROFISSIONAIS DA SAÚDE DO VALE DO PARAÍBA LTDA – SICOOB VALE DO PARAIBA;2197569;;;;b3S;2;9;LORENA;SP;06/2016;13.215;0;1.920;0;0;0;15.135;-7.672;-605;0;0;-1.412;-9.688;5.447;951;241;-3.330;-3.835;-8;0;239;-43;-5.785;-339;0;-339;0;0;-339;0
SENSO CORRETORA DE CAMBIO E VALORES MOBILIARIOS S.A;17352220;;;82750;n2;2;15;RIO DE JANEIRO;RJ;06/2016;0;0;14.818;193;0;0;15.011;0;-556;0;0;0;-556;14.455;343;0;-683;-1.089;-24;0;45;-49;-1.456;12.999;3;13.002;-11;0;12.991;0
COOPERATIVA DE CRÉDITO E INVESTIMENTO DE LIVRE ADMISSÃO DA REGIÃO CENTRO OESTE PAULISTA - SICREDI CENTRO OESTE SP;4463602;;;;b3S;2;9;MARILIA;SP;06/2016;9.939;0;5.051;0;0;0;14.990;-5.777;-116;0;0;-2.336;-8.230;6.760;1.573;1.110;-3.340;-2.975;-80;0;188;-2.961;-6.486;274;-86;188;-96;0;92;0
MERCEDES-BENZ LEASING DO BRASIL ARRENDAMENTO MERCANTIL S.A.;162760;MERCEDES-BENZ;51262;80563;n1;3;19;SAO PAULO;SP;06/2016;3.192;11.713;46;0;0;0;14.951;-387;-109;-7.938;0;2.733;-5.700;9.250;0;40;0;-2.742;-1.124;0;2.089;-6.410;-8.148;1.102;-26;1.077;-259;0;818;0
COOPERATIVA DE CRÉDITO RURAL COOPAVEL;76461557;;;;b3S;2;9;CASCAVEL;PR;06/2016;10.981;0;3.917;0;0;0;14.898;-4.528;0;0;0;-1.352;-5.880;9.018;268;0;-2.378;-973;-18;0;735;-1.686;-4.052;4.967;0;4.967;0;0;4.967;-1.329
COOPERATIVA DE CRÉDITO DE LIVRE ADMISSÃO DA REGIÃO DE CARATINGA LTDA.   SICOOB CREDCOOPER;19449602;;;;b3S;2;9;CARATINGA;MG;06/2016;11.268;0;3.628;0;0;0;14.895;-4.204;-1.081;0;0;-3.023;-8.308;6.587;930;1.115;-3.696;-3.695;-100;0;1.338;-627;-4.734;1.854;-29;1.825;-156;-136;1.533;-918
COOPERATIVA DE ECONOMIA E CRÉDITO MÚTUO DOS PROFISSIONAIS DA SAÚDE DA REGIÃO DA ALTA MOGIANA   SICOOB CREDIMOGIANA;69346856;;;;b3S;2;9;FRANCA;SP;06/2016;11.738;0;3.128;0;0;0;14.867;-6.357;-46;0;0;-2.441;-8.844;6.022;339;426;-2.884;-2.381;-6;0;168;-402;-4.741;1.282;-2;1.279;-2;-128;1.149;0
COOPERATIVA DE CRÉDITO DE LIVRE ADMISSÃO DE ASSOCIADOS DA REGIÃO SUDOESTE DE GOIÁS - SICREDI SUDOESTE GO;6332931;;;;b3S;2;9;RIO VERDE;GO;06/2016;12.557;0;2.257;0;0;0;14.814;-2.454;-1.183;0;0;-1.757;-5.394;9.421;1.400;1.121;-4.547;-3.777;-37;0;166;-3.489;-9.162;258;642;900;-76;0;824;0
COOPERATIVA DE CRÉDITO DE LIVRE ADMISSÃO DE GOIÂNIA, SENADOR CANEDO E REGIÕES LTDA. - CREDIGOIÁS;37255049;;;;b3S;2;9;GOIANIA;GO;06/2016;11.274;0;3.519;0;0;0;14.793;-575;-435;0;0;-4.502;-5.513;9.280;38;52;-2.700;-1.470;-1;0;581;-38;-3.540;5.741;1;5.742;-6;0;5.736;0
COOPERATIVA DE CRÉDITO DE LIVRE ADMISSÃO DE ASSOCIADOS ALTO VALE DO ITAJAÍ - SICOOB ALTO VALE;80959612;;;;b3S;2;9;RIO DO SUL;SC;06/2016;6.348;0;8.431;0;0;0;14.780;-7.072;-132;0;0;-556;-7.760;7.020;947;246;-2.810;-2.783;-58;0;168;-383;-4.673;2.347;-5;2.342;-104;0;2.238;0
DEUTSCHE BANK - CORRETORA DE VALORES S.A.;2184143;DEUTSCHE;51183;80532;n2;3;15;SAO PAULO;SP;06/2016;0;0;14.610;0;0;0;14.610;0;0;0;0;0;0;14.610;5.594;0;-1.915;-8.352;-1.458;0;271;-626;-6.484;8.125;0;8.125;-3.668;0;4.457;0
SOCOPA SOCIEDADE CORRETORA PAULISTA S.A.;62285390;SOCOPA;50328;80381;n2;2;15;SAO PAULO;SP;06/2016;10;0;9.406;-7;5.062;0;14.471;-6;0;0;0;-7;-13;14.458;21.560;0;-7.373;-17.043;-2.543;0;404;-1.245;-6.241;8.218;0;8.218;-3.608;-138;4.471;0
FAIR CORRETORA DE CAMBIO S.A.;32648370;;;81919;n2;2;21;SAO PAULO;SP;06/2016;0;0;853;0;13.600;0;14.452;0;0;0;0;189;189;14.641;15.339;0;-4.700;-19.907;-2.159;0;0;-14;-11.440;3.201;0;3.201;-1.377;0;1.824;0
COOPERATIVA DE CRÉDITO DE LIVRE ADMISSÃO DO NOROESTE DE MINAS LTDA. SICOOB CREDIPARNOR;698609;;;;b3S;2;9;PARACATU;MG;06/2016;12.401;0;2.043;0;0;0;14.445;-2.151;-736;0;0;-2.816;-5.703;8.742;847;942;-3.707;-3.174;-41;0;492;-204;-4.845;3.897;26;3.923;-90;0;3.833;0
COOPERATIVA DE ECONOMIA E CRÉDITO MÚTUO DOS EMPRESÁRIOS DE TRANSPORTES DO ESTADO DE SANTA CATARINA   TRANSPOCRED;8075352;;;;b3S;2;9;FLORIANOPOLIS;SC;06/2016;10.942;0;3.440;0;0;0;14.381;-4.143;-1.068;0;0;-5.130;-10.341;4.040;1.130;838;-2.183;-3.205;-10;0;11;-476;-3.896;145;-19;125;0;0;125;0
COOPERATIVA DE CRÉDITO DE LIVRE ADMISSÃO DE ASSOCIADOS DE CAMPINA GRANDE LTDA. - UNICRED CENTRO PARAIBANA;1151186;;;;b3S;2;9;CAMPINA GRANDE;PB;06/2016;12.648;0;1.724;0;0;0;14.372;-4.948;0;0;0;-1.472;-6.419;7.953;204;649;-3.245;-1.641;-12;6;233;-851;-4.656;3.297;0;3.297;0;-136;3.161;0
COOPERATIVA DE CRÉDITO DE LIVRE ADMISSÃO TRÊS FRONTEIRAS - SICOOB TRÊS FRONTEIRAS;4876393;;;;b3S;2;9;FOZ DO IGUACU;PR;06/2016;11.841;0;2.516;0;0;0;14.357;-4.797;-318;0;0;-4.727;-9.842;4.515;1.074;1.471;-3.036;-4.470;-44;0;522;-758;-5.240;-725;-11;-736;-94;0;-830;0
COOPERATIVA DE CRÉDITO DE LIVRE ADMISSÃO DE UNAÍ E NOROESTE DE MINAS LTDA. - SICOOB NOROESTE DE MINAS;86564051;;;;b3S;2;9;UNAI;MG;06/2016;11.509;0;2.819;0;0;0;14.329;-2.827;-1.522;0;0;-1.461;-5.810;8.518;651;557;-3.482;-2.532;-68;0;664;-999;-5.209;3.309;16;3.325;-102;-130;3.093;0
COOPERATIVA DE ECONOMIA E CRÉDITO MÚTUO DOS MÉDICOS E DEMAIS PROFISSIONAIS DA SAÚDE DA REGIÃO CENTRO-OESTE DO RS LTDA;2641032;;;;b3S;2;9;SANTA MARIA;RS;06/2016;10.404;0;3.892;0;0;0;14.295;-6.734;-2;0;0;-505;-7.240;7.055;895;67;-2.145;-3.151;-29;0;120;-137;-4.380;2.675;-5;2.670;-82;0;2.588;0
COOPERATIVA DE CRÉDITO E INVESTIMENTO DO NOROESTE DO ESTADO DE SÃO PAULO - SICREDI NOROESTE SP;3065046;;;;b3S;2;9;SAO JOSE DO RIO PRETO;SP;06/2016;9.982;0;4.247;0;0;0;14.229;-4.730;-70;0;0;-2.399;-7.199;7.030;1.991;1.422;-4.035;-3.474;-38;0;321;-3.235;-7.047;-17;-38;-55;-26;0;-81;0
COOPERATIVA DE CRÉDITO DE LIVRE ADMISSÃO VALE DO MUCURI LTDA. - SICOOB CREDIVALE;25387655;;;;b3S;2;9;TEOFILO OTONI;MG;06/2016;8.959;0;5.227;0;0;0;14.186;-3.993;-195;0;0;-686;-4.875;9.311;1.511;1.902;-4.375;-3.720;-125;0;405;-400;-4.803;4.509;3;4.512;-198;-229;4.085;-1.036
COOPERATIVA DE CRÉDITO MÚTUO DOS TRANSPORTADORES RODOVIÁRIOS DE VEÍCULOS DO ABCD, MAÚA, RIBEIRÃO PIRES E VALE DO PARAÍBA - SICOOB CREDCEG;7789195;;;;b3S;2;9;SAO BERNARDO DO CAMPO;SP;06/2016;9.853;0;4.218;0;0;0;14.072;-6.646;0;0;0;-1.410;-8.056;6.016;80;319;-1.246;-1.155;-11;0;122;-174;-2.065;3.951;0;3.951;-39;0;3.913;0
COOPERATIVA DE CRÉDITO DE LIVRE ADMISSÃO DA REGIÃO DE FRUTAL LTDA.   SICOOB FRUTAL;71419600;;;;b3S;2;9;FRUTAL;MG;06/2016;12.176;0;1.712;0;0;0;13.888;-1.842;-1.474;0;0;-2.509;-5.825;8.062;723;824;-2.799;-2.262;-55;0;550;-411;-3.429;4.633;60;4.693;-165;-125;4.404;-1.430
COOPERATIVA DE CRÉDITO NOROESTE - SICOOB NOROESTE;81292278;;;;b3S;2;9;SAO LOURENCO D'OESTE;SC;06/2016;9.100;0;4.694;0;0;0;13.794;-6.529;-631;0;0;-1.210;-8.371;5.423;892;164;-2.932;-2.620;-34;26;225;-332;-4.612;811;5;816;-82;0;734;0
COOPERATIVA DE CRÉDITO DE LIVRE ADMISSÃO DE ASSOCIADOS CAMPOS NOVOS - SICOOB CAMPOS NOVOS;78862083;;;;b3S;2;9;CAMPOS NOVOS;SC;06/2016;8.787;0;4.903;0;0;0;13.689;-5.098;-1.381;0;0;-697;-7.176;6.514;513;538;-1.957;-2.440;-47;0;547;-289;-3.134;3.379;44;3.423;-116;0;3.307;-456
AGENCIA DE FOMENTO DE GOIAS S/A;3918382;;;81050;n1;1;30;GOIANIA;GO;06/2016;9.943;0;3.673;0;0;0;13.616;0;-1.450;0;0;-15.025;-16.475;-2.859;7.134;242;-8.786;-2.230;-1.259;0;354;-3;-4.548;-7.407;-2.944;-10.351;3.142;0;-7.208;0
COOPERATIVA DE CRÉDITO DE LIVRE ADMISSÃO DE SÃO ROQUE DE MINAS LTDA.   SICOOB SAROMCREDI;66402207;;;;b3S;2;9;SAO ROQUE DE MINAS;MG;06/2016;10.789;0;2.823;0;0;0;13.612;-4.029;-1.454;0;0;-3.058;-8.541;5.071;431;578;-3.687;-2.720;-30;0;880;-299;-4.847;224;17;242;-60;-305;-124;0
COOPERATIVA DE ECONOMIA E CRÉDITO MÚTUO DOS PROFISSIONAIS DA SAÚDE, EMPRESÁRIOS, PEQUENOS EMPRESÁRIOS, MICROEMPRESÁRIOS E MICROEMPREENDEDORES DAS REGIÕES SERRANAS E DO MÉDIO VALE DO PARAÍBA;71698674;;;;b3S;2;9;TAUBATE;SP;06/2016;12.244;0;1.284;0;0;0;13.528;-3.648;-190;0;0;-1.514;-5.353;8.175;771;112;-2.793;-3.273;-115;0;38;-209;-5.469;2.707;-8;2.699;-17;-280;2.402;-756
COOPERATIVA DE ECONOMIA E CRÉDITO MÚTUO DOS MÉDICOS E DEMAIS PROFISSIONAIS DA SAÚDE, ENGENHARIA, ARQUITETURA, CONTABILIDADE, ADMINISTRAÇÃO E ECONOMIA DE ERECHIM LTDA.;1572667;;;;b3S;2;9;ERECHIM;RS;06/2016;9.111;0;4.384;0;0;0;13.495;-8.296;0;0;0;124;-8.172;5.323;176;13;-1.001;-1.493;-5;0;1;-20;-2.330;2.993;0;2.993;-10;-72;2.912;-767
COOPERATIVA DE CRÉDITO DE LIVRE ADMISSÃO DE SANTO ANTÔNIO DO MONTE LTDA.   SICOOB CREDIMONTE;41707258;;;;b3S;2;9;SANTO ANTONIO DO MONTE;MG;06/2016;11.187;0;2.297;0;0;0;13.483;-3.801;-765;0;0;-3.583;-8.148;5.335;915;182;-3.062;-2.358;-75;0;697;-342;-4.043;1.293;-7;1.286;-167;-34;1.085;0
COOPERATIVA DE CRÉDITO DE LIVRE ADMISSÃO DA REGIÃO DE CARMO DO PARANAÍBA LTDA - SICOOB CREDICARPA;23949522;;;;b3S;2;9;CARMO DO PARANAIBA;MG;06/2016;10.253;0;3.214;0;0;0;13.467;-3.053;-1.473;0;0;800;-3.727;9.740;1.108;459;-2.137;-1.414;-67;0;1.102;-199;-1.148;8.592;8;8.599;-161;-134;8.304;-644
BANCO MERCANTIL DE INVESTIMENTOS S/A;34169557;MERCANTIL DO BRASIL;20152;80123;b2;2;13;BELO HORIZONTE;MG;06/2016;2.501;0;3.342;0;0;7.598;13.441;-539;0;0;0;27;-512;12.929;0;0;-242;-5.189;-576;0;287;-24;-5.744;7.185;0;7.185;-3.230;0;3.955;0
COOPERATIVA DE CREDITO DE LIVRE ADMISSAO DO VALE DO AÇO LTDA - SICOOB VALE DO AÇO;19869338;;;;b3S;2;9;IPATINGA;MG;06/2016;9.382;0;3.990;0;0;0;13.372;-4.533;-6;0;0;-1.957;-6.496;6.876;999;1.077;-4.355;-3.586;-62;0;771;-625;-5.781;1.095;6;1.101;-106;0;995;0
COOPERATIVA DE CRÉDITO RURAL E DOS PEQUENOS EMPRESÁRIOS, MICROEMPRESARIOS E MICROEMPREENDEDORES DA REGIÃO DE CAPIVARI;49389307;;;;b3S;2;9;CAPIVARI;SP;06/2016;9.900;0;3.469;0;0;0;13.369;-5.559;-452;0;0;-988;-7.000;6.369;276;449;-2.572;-2.647;-32;0;480;-82;-4.127;2.242;23;2.265;-6;0;2.259;-340
COOPERATIVA DE CRÉDITO DE LIVRE ADMISSÃO DA ZONA DA MATA LTDA   SICOOB COOPEMATA;2335109;;;;b3S;2;9;CATAGUASES;MG;06/2016;10.744;0;2.613;0;0;0;13.357;-3.568;0;0;0;-356;-3.925;9.433;1.320;1.309;-3.245;-2.909;-41;0;245;-449;-3.770;5.663;14;5.677;-64;0;5.613;0
COOPERATIVA DE ECONOMIA E CRÉDITO MÚTUO DOS EMPREGADOS E SERVIDORES DA SABESP E EM EMPRESAS DE SANEAMENTO AMBIENTAL DO ESTADO DE SÃO PAULO - CECRES;54603022;;;;b3S;2;9;SAO PAULO;SP;06/2016;10.399;0;2.915;0;0;0;13.314;-5;0;0;0;-1.335;-1.340;11.974;2;0;-2.676;-2.017;-8;0;1.234;-72;-3.537;8.436;-400;8.037;0;0;8.036;0
MS BANK S.A. BANCO DE CÂMBIO;19307785;;;81294;b2;2;39;CURITIBA;PR;06/2016;0;0;2.113;-2.043;13.219;0;13.289;-36;-69;0;0;0;-105;13.184;195;0;-373;-8.232;-849;0;263;-715;-9.712;3.471;0;3.471;-1.538;0;1.934;0
BANCO ITAUBANK S.A.;60394079;ITAU;10069;80099;b1;2;8;SAO PAULO;SP;06/2016;0;0;13.252;0;0;0;13.252;0;0;0;0;0;0;13.252;0;0;0;-148;-617;0;477;-337;-625;12.627;0;12.627;804;0;13.431;-14.388
COOPERATIVA DE CREDITO DE LIVRE ADMISSAO DE FORMIGA LTDA - SICOOB CREDIFOR;41931445;;;;b3S;2;9;FORMIGA;MG;06/2016;10.960;0;2.196;0;0;0;13.156;-3.100;-861;0;0;-4.489;-8.450;4.706;645;941;-2.943;-2.441;-41;0;741;-456;-3.554;1.152;-50;1.102;-47;-47;1.008;0
COOPERATIVA DE CRÉDITO DE LIVRE ADMISSÃO DO SUL E SUDOESTE DE MINAS GERAIS, BAIXA MOGIANA E REGIÃO LTDA. - SICOOB CREDINTER;24048910;;;;b3S;2;9;GUARANESIA;MG;06/2016;11.195;0;1.948;0;0;0;13.143;-3.811;-1.140;0;0;-2.030;-6.981;6.162;773;1.086;-3.451;-3.234;-43;0;616;-376;-4.629;1.532;32;1.564;-96;-76;1.392;0
COOPERATIVA DE CRÉDITO RURAL DA REGIÃO DA MOGIANA;62109566;;;;b3S;2;9;SAO JOAO DA BOA VISTA;SP;06/2016;8.733;0;4.383;0;0;0;13.117;-4.108;0;0;0;-1.028;-5.135;7.982;269;1.581;-5.052;-2.100;-23;0;621;-402;-5.105;2.876;13;2.889;-4;0;2.885;-860
ATIVA INVESTIMENTOS S.A. CORRETORA DE TÍTULOS, CÂMBIO E VALORES;33775974;;;82547;n2;2;15;RIO DE JANEIRO;RJ;06/2016;114;0;12.910;10;0;0;13.034;0;0;0;0;2;2;13.037;16.264;398;-14.007;-12.329;-1.986;0;2.265;-1.447;-10.842;2.195;-61;2.133;-1.286;0;848;0
CREDIALIANÇA COOPERATIVA DE CRÉDITO RURAL;78157146;;;;b3S;2;9;ROLANDIA;PR;06/2016;4.368;0;8.626;0;0;0;12.994;-5.463;-1.300;0;0;-636;-7.398;5.596;442;322;-3.193;-1.765;-108;0;2.272;-1.352;-3.383;2.213;33;2.247;-247;0;2.000;0
COOPERATIVA DE CRÉDITO DE LIVRE ADMISSÃO DE ASSOCIADOS DO MEIO OESTE CATARINENSE - SICOOB CREDIMOC SC;80959638;;;;b3S;2;9;XANXERE;SC;06/2016;8.332;0;4.610;0;0;0;12.942;-6.377;-464;0;0;-1.295;-8.136;4.806;574;820;-2.574;-2.060;-24;42;39;-190;-3.372;1.434;-882;552;-7;0;546;0
COOPERATIVA DE ECONOMIA E CRÉDITO MÚTUO DOS SERVIDORES MUNICIPAIS DO VALE DO PARAIBA, LITORAL NORTE PAULISTA E SERRA DA MANTIQUEIRA - CRESSEM;54190525;;;;b3S;2;9;SAO JOSE DOS CAMPOS;SP;06/2016;10.453;0;2.408;0;0;0;12.862;-436;0;0;0;47;-389;12.473;0;261;-1.318;-1.065;-12;0;54;0;-2.080;10.393;44;10.437;-382;0;10.055;0
COOPERATIVA DE ECONOMIA E CRÉDITO MÚTUO SERV MEMBROS JUSTIÇA TRABALHO MPT TERRITÓRIO NACIONAL PODER JUDICIÁRIO FEDERAL MPU PA SC TSE  STM DF BOMBEIROS PA-SICOOB CREDIJUSTRA;37079720;;;;b3S;2;9;BRASILIA;DF;06/2016;11.338;0;1.513;0;0;0;12.851;-4.900;-846;0;0;-771;-6.516;6.335;171;78;-2.646;-2.261;-24;514;84;-294;-4.378;1.957;142;2.099;-83;0;2.016;0
COOPERATIVA DE CRÉDITO DE LIVRE ADMISSÃO DE CONSELHEIRO PENA E REGIÃO LTDA. - SICOOB CREDICOPE;38588174;;;;b3S;2;9;CONSELHEIRO PENA;MG;06/2016;8.054;0;4.729;0;0;0;12.783;-4.713;-361;0;0;-2.522;-7.596;5.187;492;720;-3.244;-2.651;-58;0;685;-483;-4.539;648;-90;558;-34;0;525;0
COOPERATIVA DE CRÉDITO DE PRODUTORES RURAIS E DE LIVRE ADMISSÃO DO TRIÂNGULO LTDA    SICOOB CREDITRIL;41669227;;;;b3S;2;9;UBERLANDIA;MG;06/2016;6.094;0;6.679;0;0;0;12.773;-4.852;-1.077;0;0;-1.098;-7.027;5.746;1.006;783;-3.730;-2.363;-97;0;717;-228;-3.913;1.833;9;1.842;-168;-129;1.546;0
COOPERATIVA DE CRÉDITO MÚTUO DOS ADVOGADOS DE SANTA CATARINA;5861932;;;;b3S;2;9;FLORIANOPOLIS;SC;06/2016;8.302;0;4.466;0;0;0;12.768;-5.867;-2;0;0;-969;-6.838;5.930;758;941;-2.942;-2.847;-44;0;576;-246;-3.802;2.128;3;2.131;-54;0;2.076;0
PAN ARRENDAMENTO MERCANTIL S.A.;2682287;PAN;31323;80257;n1;2;19;SAO PAULO;SP;06/2016;1.217;11.551;0;0;0;0;12.768;-3.871;0;-11.198;0;-348;-15.417;-2.649;57;0;-1.923;-2.308;-49;0;3.088;-5.469;-6.605;-9.254;-148;-9.401;3.689;0;-5.712;0
UBS BRASIL CORRETORA DE CÂMBIO, TÍTULOS E VALORES MOBILIÁRIOS S.A.;2819125;UBS;51877;80989;n2;3;15;SAO PAULO;SP;06/2016;0;0;12.785;-27;0;0;12.758;0;0;0;0;0;0;12.758;58.084;110;-32.889;-45.686;-6.231;0;1.398;-976;-26.190;-13.433;-18;-13.450;3.339;0;-10.111;0
TREVISO CORRETORA DE CÂMBIO S.A.;2992317;;;81885;n2;2;21;SAO PAULO;SP;06/2016;0;0;1.949;4;10.804;0;12.756;0;0;0;0;10;10;12.766;1.189;0;-2.779;-10.092;-721;0;299;-49;-12.154;612;90;702;-207;0;496;0
BMW LEASING DO BRASIL S.A. - ARRENDAMENTO MERCANTIL;60872983;BMW;51420;80635;n1;3;19;SAO PAULO;SP;06/2016;22;9.834;2.861;0;0;0;12.717;-93;0;-9.327;0;-19;-9.439;3.278;0;4;0;-564;-166;0;46;-104;-783;2.495;0;2.495;-475;0;2.021;0
COOPERATIVA DE CREDITO DE LIVRE ADMISSAO DA MATA MINEIRA LTDA - SICOOB CREDIMATA;1152097;;;;b3S;2;9;VOLTA GRANDE;MG;06/2016;8.289;0;4.376;0;0;0;12.665;-4.073;-360;0;0;-1.236;-5.669;6.996;954;1.776;-4.676;-3.381;-91;0;845;-484;-5.057;1.940;57;1.996;-146;0;1.850;0
COOPERATIVA DE CRÉDITO DE LIVRE ADMISSÃO DA REGIÃO DO ALTO PARANAÍBA LTDA - SICOOB CREDISG;3645752;;;;b3S;2;9;SAO GOTARDO;MG;06/2016;9.113;0;3.440;0;0;0;12.553;-3.623;-1.868;0;0;-286;-5.777;6.776;563;243;-1.498;-1.657;-25;0;897;-148;-1.626;5.150;-8;5.142;-83;0;5.059;-1.405
COOPERATIVA DE CREDITO DE LIVRE ADMISSÃO DE CÂNDIDO MOTA E REGIÃO.;66788142;;;;b3S;2;9;CANDIDO MOTA;SP;06/2016;8.737;0;3.745;0;0;0;12.482;-3.011;-1.543;0;0;-3.388;-7.943;4.539;457;493;-3.319;-2.446;-33;0;658;-447;-4.636;-97;10;-86;-47;-125;-258;0
COOPERATIVA DE CREDITO DE LIVRE ADMISSÃO DO VALE DO SÃO PATRICIO LTDA.;968602;;;;b3S;2;9;GOIANESIA;GO;06/2016;9.249;0;3.157;0;0;0;12.406;-2.280;-1.073;0;0;-296;-3.649;8.757;122;106;-839;-772;-4;0;726;-286;-947;7.810;4;7.814;-25;0;7.789;0
CENTRAL DAS COOPERATIVAS DE CREDITO MUTUO DO RIO GRANDE DO SUL;3618104;;;;b3C;2;9;PORTO ALEGRE;RS;06/2016;42;0;12.349;0;0;0;12.391;-11.860;0;0;0;-33;-11.894;498;0;0;-1.061;574;0;0;0;-11;-499;1;0;1;0;0;1;0
COOPERATIVA DE CRÉDITO DE LIVRE ADMISSÃO DA REGIÃO DE ARAXÁ LTDA. - SICOOB CREDIARA;66398496;;;;b3S;2;9;ARAXA;MG;06/2016;9.025;0;3.233;0;0;0;12.257;-3.472;-880;0;0;-3.252;-7.604;4.653;908;1.064;-2.977;-2.561;-92;0;939;-333;-3.053;1.600;-8;1.591;-167;-89;1.336;0
COOPERATIVA DE CRÉDITO DA FOZ DO RIO ITAJAÍ AÇU - CREDIFOZ;9512539;;;;b3S;2;9;ITAJAI;SC;06/2016;9.916;0;2.333;0;0;0;12.250;-2.850;-1.101;0;0;-2.091;-6.042;6.207;1.380;836;-2.117;-3.448;-10;0;57;-706;-4.009;2.199;-14;2.184;0;-190;1.995;0
COOPERATIVA DE ECONOMIA E CRÉDITO MÚTUO DOS MÉDICOS DA REGIÃO DAS MISSÕES E NOROESTE DO RS LTDA;95163002;;;;b3S;2;9;SANTO ANGELO;RS;06/2016;9.337;0;2.837;0;0;0;12.174;-6.241;0;0;0;-383;-6.624;5.551;569;233;-1.705;-2.139;-52;0;5;-30;-3.120;2.431;13;2.444;-47;-15;2.382;-525
BTG PACTUAL ASSET MANAGEMENT S.A. DISTRIBUIDORA DE TÍTULOS E VALORES MOBILIÁRIOS;29650082;BTG PACTUAL;49944;80336;n2;2;16;RIO DE JANEIRO;RJ;06/2016;0;0;12.127;0;0;0;12.127;0;0;0;0;0;0;12.127;33.366;0;-27.769;-13.784;-2.544;6.476;586;-9.430;-13.100;-973;1;-972;14.567;-24.949;-11.354;0
COOPERATIVA DE CREDITO DE LIVRE ADMISSÃO DO NORDESTE DE MINAS GERAIS LTDA - SICOOB CARLOS CHAGAS;41753500;;;;b3S;2;9;CARLOS CHAGAS;MG;06/2016;8.915;0;3.203;0;0;0;12.118;-3.522;-691;0;0;-69;-4.282;7.836;477;219;-2.612;-1.854;-42;0;698;-246;-3.360;4.476;14;4.490;-96;-117;4.277;-1.047
LECCA CRÉDITO, FINANCIAMENTO E INVESTIMENTO S/A;7652226;LECCA;51523;80680;n1;2;14;RIO DE JANEIRO;RJ;06/2016;6.973;0;5.126;0;0;0;12.098;-7.016;0;0;0;-343;-7.359;4.739;37;1.107;-35;-4.840;-288;0;151;-209;-4.078;661;0;661;-302;0;359;0
MERRILL LYNCH S.A. CORRETORA DE TÍTULOS E VALORES MOBILIÁRIOS;2670590;BOFA MERRILL LYNCH;51255;80556;n2;3;15;SAO PAULO;SP;06/2016;0;0;12.054;0;0;0;12.054;0;0;0;0;0;0;12.054;57.426;0;-16.518;-24.935;-6.131;0;3.650;-980;12.512;24.566;0;24.566;-11.043;0;13.523;0
COOPERATIVA DE CREDITO DE LIVRE ADMISSAO DO ALTO E MEDIO JEQUITINHONHA LTDA - SICOOB CREDIJEQUITINHONHA;71243034;;;;b3S;2;9;CAPELINHA;MG;06/2016;9.976;0;2.032;0;0;0;12.008;-2.958;-759;0;0;-683;-4.400;7.608;849;920;-3.099;-1.912;-48;0;696;-461;-3.056;4.552;14;4.566;-114;-196;4.256;-1.013
SICOOB AC CREDI - COOPERATIVA DE CRÉDITO DE LIVRE ADMISSÃO DO LESTE E NORDESTE MINEIRO LTDA.;1559914;;;;b3S;2;9;GOVERNADOR VALADARES;MG;06/2016;8.802;0;3.093;0;0;0;11.895;-3.784;0;0;0;-2.939;-6.723;5.172;760;782;-3.534;-3.252;-69;0;608;-387;-5.092;79;53;132;-71;0;61;0
COOPERATIVA DE CRÉDITO DE LIVRE ADMISSÃO DA REGIÃO DE ITAÚNA LTDA. - SICOOB CREDIUNA;64237530;;;;b3S;2;9;ITAUNA;MG;06/2016;9.531;0;2.303;0;0;0;11.834;-3.565;-493;0;0;-1.069;-5.128;6.706;977;1.611;-3.707;-3.348;-60;0;729;-548;-4.346;2.360;-110;2.251;-71;0;2.180;0
COOPERATIVA DE CRÉDITO DE LIVRE ADMISSÃO DE ASSOCIADOS DO NORDESTE DO PARÁ - SICREDI NORDESTE PA;10772401;;;;b3S;2;9;PARAGOMINAS;PA;06/2016;10.257;0;1.551;3;0;0;11.811;-2.094;-1.970;0;0;-6.261;-10.324;1.487;917;635;-3.145;-2.765;-23;0;328;-2.214;-6.267;-4.780;-187;-4.967;-46;0;-5.013;0
COOPERATIVA DE CRÉDITO DE LIVRE ADMISSÃO DE ASSOCIADOS DO SERTÃO BAIANO LTDA   SICOOB SERTÃO;2057584;;;;b3S;2;9;PINTADAS;BA;06/2016;10.380;0;1.389;0;0;0;11.769;-2.489;-253;0;0;-4.380;-7.122;4.646;705;1.492;-3.432;-4.362;-52;0;820;-589;-5.419;-772;-12;-785;-32;0;-817;0
COOPERATIVA DE CRÉDITO DE LIVRE ADMISSÃO DO VALE MADEIRA-MAMORÉ - SICOOB PORTOCREDI;4544165;;;;b3S;2;9;PORTO VELHO;RO;06/2016;9.073;0;2.584;0;0;0;11.657;-1.921;-344;0;0;-2.288;-4.553;7.105;566;1.530;-3.223;-3.688;-59;0;273;-404;-5.005;2.100;-93;2.007;-25;-138;1.844;-1.305
F.D'GOLD - DISTRIBUIDORA DE TÍTULOS E VALORES MOBILIÁRIOS LTDA.;8673569;;;83993;n2;2;16;SAO PAULO;SP;06/2016;0;0;11.540;0;0;0;11.540;0;0;0;0;0;0;11.540;0;0;-872;-9.579;-537;0;3;-615;-11.600;-60;-1;-61;0;0;-61;0
UNICRED BELÉM - COOPERATIVA DE ECONOMIA E CRÉDITO MÚTUO DOS PROFISSIONAIS DE NÍVEL SUPERIOR DA SAÚDE E DO FUNCIONALISMO PÚBLICO DE BELÉM;83315408;;;;b3S;2;9;BELEM;PA;06/2016;8.519;0;3.009;0;0;0;11.529;-4.611;0;0;0;-1.578;-6.190;5.339;94;341;-2.198;-855;-7;0;162;-521;-2.983;2.356;1;2.355;0;0;2.355;-668
COOPERATIVA DE CREDITO DE LIVRE ADMISSAO DE PARA DE MINAS LTDA - SICOOB ASCICRED;1009908;;;;b3S;2;9;PARA DE MINAS;MG;06/2016;6.249;0;5.275;0;0;0;11.523;-5.223;0;0;0;-1.209;-6.433;5.090;855;906;-2.304;-2.076;-62;0;218;-183;-2.647;2.443;33;2.477;-129;0;2.347;0
SICOOB CREDINOVA - COOPERATIVA DE CRÉDITO DE LIVRE ADMISSÃO DE NOVA SERRANA E REGIÃO CENTRO-OESTE LTDA.;1667766;;;;b3S;2;9;NOVA SERRANA;MG;06/2016;7.693;0;3.794;0;0;0;11.487;-4.767;0;0;0;-404;-5.172;6.315;1.988;639;-2.730;-3.599;-43;0;270;-290;-3.764;2.551;-23;2.528;-62;0;2.467;-1.567
COOPERATIVA DE CRÉDITO DO DISTRITO FEDERAL E ENTORNO LTDA. - SICOOB;1187961;;;;b3S;2;9;BRASILIA;DF;06/2016;8.117;0;3.334;0;0;9;11.460;-2.786;-1.309;0;0;-1.919;-6.014;5.446;389;386;-3.109;-2.726;-45;532;279;-356;-4.650;796;56;852;-63;0;788;0
MULTIMONEY CORRETORA DE CÂMBIO LTDA;12586596;;;82262;n2;2;21;SAO PAULO;SP;06/2016;0;0;0;48;11.333;0;11.381;0;0;0;0;2;2;11.383;1.118;28;-4.587;-6.568;-643;0;41;-18;-10.630;753;0;753;-309;0;444;0
COOPERATIVA DE CRÉDITO DA REGIÃO DO CONTESTADO - SCRCRED;10218474;;;;b3S;2;9;SAO BENTO DO SUL;SC;06/2016;9.181;0;2.194;0;0;0;11.375;-2.765;-1.785;0;0;-3.277;-7.827;3.548;1.081;453;-1.643;-3.051;-7;0;19;-344;-3.492;56;-7;48;0;0;48;0
COOPERATIVA DE CRÉDITO DE LIVRE ADMISSÃO DE PATROCÍNIO E REGIÃO LTDA. - SICOOB COOPACREDI;65229254;;;;b3S;2;9;PATROCINIO;MG;06/2016;9.771;0;1.600;0;0;0;11.371;-2.729;-2.046;0;0;-2.270;-7.046;4.325;544;626;-2.465;-2.026;-59;0;1.418;-320;-2.282;2.043;1;2.045;-71;-161;1.812;-570
COOPERATIVA DE ECONOMIA E CRÉDITO MÚTUO DE LIVRE ADMISSÃO DE ASSOCIADOS DO AGRESTE E SERTÃO CENTRAL DO ESTADO DE PERNAMBUCO - UNICRED CENTRO PERNAMBUCANA;41255225;;;;b3S;2;9;CARUARU;PE;06/2016;8.682;0;2.670;0;0;0;11.352;-3.543;0;0;0;-816;-4.359;6.993;344;502;-2.233;-1.692;-12;6;244;-792;-3.635;3.359;17;3.376;0;-27;3.349;0
COOPERATIVA DE ECONOMIA E CRÉDITO MÚTUO DOS MÉDICOS E DEMAIS PROFISSIONAIS DA REGIÃO DOS VALES DO SINOS, PARANHANA E CAÍ LTDA - UNICRED REGIÃO DOS VALES;1796302;;;;b3S;2;9;NOVO HAMBURGO;RS;06/2016;8.032;0;3.319;0;0;0;11.350;-5.578;0;0;0;-992;-6.571;4.780;1.077;95;-2.268;-3.064;-27;0;15;-130;-4.302;477;2;479;-48;0;431;-289
COOPERATIVA DE ECONOMIA E CREDITO MUTUO DOS MAGISTRADOS, MEMBROS DO MINISTÉRIO PÚBLICO E PROFISSIONAIS DO DIREITO CATARINENSES LTDA - COOMARCA;4355489;;;;b3S;2;9;FLORIANOPOLIS;SC;06/2016;5.954;0;5.392;0;0;0;11.346;-6.858;0;0;0;-250;-7.108;4.238;757;48;-1.224;-2.120;-44;0;81;-83;-2.585;1.653;15;1.667;-23;0;1.644;-740
COOPERATIVA DE ECONOMIA E CRÉDITO MÚTUO DOS PEQUENOS EMPRESÁRIOS, MICROEMPRESÁRIOS E MICROEMPREENDEDORES DO DISTRITO FEDERAL LTDA - SICOOB EMPRESARIAL;5856736;;;;b3S;2;9;BRASILIA;DF;06/2016;4.469;0;6.788;0;0;0;11.257;-6.058;-498;0;0;-1.335;-7.891;3.366;333;277;-1.460;-1.637;-22;763;59;-32;-1.719;1.647;39;1.686;0;0;1.686;-1.008
COOPERATIVA DE CRÉDITO DE LIVRE ADMISSÃO DE ASSOCIADOS DE MANAUS - SICOOB UNIAM;1566038;;;;b3S;2;9;MANAUS;AM;06/2016;9.601;0;1.569;0;0;0;11.170;-1.901;0;0;0;-1.796;-3.697;7.473;523;123;-2.013;-1.696;-22;0;42;-279;-3.323;4.150;20;4.169;-135;0;4.035;-722
INTRAG DISTRIBUIDORA DE TITULOS E VALORES MOBILIARIOS LTDA.;62418140;ITAU;10069;80099;n2;2;16;SAO PAULO;SP;06/2016;0;0;11.109;0;0;0;11.109;0;0;0;0;0;0;11.109;45.311;0;0;-698;-3.899;0;467;-17.810;23.371;34.480;0;34.480;-10.566;0;23.914;-10.989
BANCO BARCLAYS S.A.;61146577;;;80817;b1;3;8;SAO PAULO;SP;06/2016;0;0;99.101;-88.104;0;0;10.997;-63.053;-1.601;0;-6.299;0;-70.953;-59.956;54.368;0;-75.679;-14.320;-2.576;1.547;99.527;-46.432;16.435;-43.521;-16;-43.538;-48.677;-1.342;-93.557;0
COOPERATIVA DE CRÉDITO DOS INTEGRANTES DO PODER JUDICIÁRIO E DO MINISTÉRIO PÚBLICO DO ESTADO DE MINAS GERAIS LTDA. - SICOOB JUS-MP;3519240;;;;b3S;2;9;BELO HORIZONTE;MG;06/2016;6.028;0;4.926;0;0;0;10.954;-6.234;0;0;0;321;-5.912;5.042;142;131;-1.411;-974;-27;0;224;-434;-2.349;2.693;31;2.724;-42;0;2.682;0
COOPERATIVA DE ECONOMIA E CRÉDITO MÚTUO DOS PROFISSIONAIS DA SAÚDE E EMPRESÁRIOS DE ARARAS E REGIÃO - UNICRED ANHANGUERA;2647564;;;;b3S;2;9;ARARAS;SP;06/2016;9.237;0;1.696;0;0;0;10.933;-4.514;0;0;0;-1.349;-5.863;5.070;789;336;-2.713;-3.106;0;0;38;-328;-4.984;86;25;111;-8;0;104;0
COOPERATIVA DE CRÉDITO DO SERVIDOR FEDERAL LTDA   SICOOB CREDFAZ SERVIDOR FEDERAL;952415;;;;b3S;2;9;BRASILIA;DF;06/2016;10.285;0;551;0;0;0;10.835;-585;-907;0;0;-1.266;-2.758;8.077;27;75;-1.945;-1.222;-11;394;21;-154;-2.815;5.262;-42;5.221;0;0;5.221;-3.107
COOPERATIVA DE CRÉDITO DE LIVRE ADMISSÃO DO NORDESTE E CENTRO SUL DA BAHIA LTDA.   SICOOB COOPERE;73398646;;;;b3S;2;9;VALENTE;BA;06/2016;8.474;0;2.318;0;0;0;10.792;-2.077;-157;0;0;-3.056;-5.291;5.501;657;2.485;-2.852;-4.227;-34;0;430;-1.261;-4.802;699;-68;631;-3;0;627;0
COOPERATIVA DE CRÉDITO DE LIVRE ADMISSÃO DO PAJEÚ, AGRESTE E RECIFE - SICOOB PERNAMBUCO;3732359;;;;b3S;2;9;SAO JOSE DO EGITO;PE;06/2016;10.443;0;334;0;0;0;10.777;-1.963;-932;0;0;-3.963;-6.858;3.919;745;1.393;-3.646;-2.904;-49;0;803;-311;-3.969;-50;-51;-101;-25;0;-125;0
SICOOB NOSSACOOP - COOPERATIVA DE ECONOMIA E CRÉDITO DOS EMPREGADOS DAS INSTITUIÇÕES DE ENSINO E PESQUISA E DE SERVIDORES PÚBLICOS FEDERAIS DE MINAS GERAIS LTDA.;1760242;;;;b3S;2;9;BELO HORIZONTE;MG;06/2016;9.122;0;1.654;0;0;0;10.776;-3.853;-590;0;0;-897;-5.340;5.436;337;139;-2.325;-2.347;-140;0;608;-424;-4.152;1.283;-2;1.282;-22;0;1.260;-327
COOPERATIVA DE CRÉDITO DO NORTE CATARINENSE - ACREDICOOP;3461243;;;;b3S;2;9;JOINVILLE;SC;06/2016;9.387;0;1.296;0;0;0;10.683;-2.131;-1.754;0;0;-2.104;-5.989;4.695;818;608;-2.038;-2.856;-9;0;92;-496;-3.882;813;-90;722;0;-101;621;0
CREDSUPER - COOPERATIVA DE ECONOMIA E CRÉDITO MÚTUO DOS SERVIDORES DA UNIVERSIDADE FEDERAL DO RIO GRANDE DO NORTE;4138455;;;;b3S;2;9;NATAL;RN;06/2016;10.198;0;455;0;0;0;10.652;-1.555;-2.939;0;0;-255;-4.749;5.903;192;162;-1.266;-1.021;-9;12;170;-740;-2.500;3.403;0;3.403;0;0;3.403;0
COOPERATIVA DE CRÉDITO MÚTUO E INVESTIMENTO DOS PROFISSIONAIS DA ÁREA DA SAÚDE E DOS PEQUENOS EMPRESÁRIOS, MICROEMPRESÁRIOS E MICROEMPREENDEDORES DE ARARAQUARA E REGIÃO - SICREDI CENTRO NORTE SP;73113243;;;;b3S;2;9;ARARAQUARA;SP;06/2016;6.352;0;4.186;0;0;0;10.538;-4.644;-79;0;0;-2.129;-6.853;3.685;1.028;479;-2.861;-1.933;-35;0;319;-1.131;-4.134;-450;-2;-452;-89;0;-541;0
BANCO VR S.A.;78626983;VR;50524;80408;b1;2;8;BARUERI;SP;06/2016;0;0;10.508;0;0;0;10.508;-4.810;0;0;0;0;-4.810;5.697;4;13;-1.458;-1.939;-275;320;1.371;-959;-2.922;2.776;-180;2.595;-1.151;0;1.444;0
COOPERATIVA DE ECONOMIA E CRÉDITO MÚTUO DOS PROFISSIONAIS DA SAÚDE DA ZONA DA MATA MINEIRA E SUL DO ESPÍRITO SANTO;86389236;;;;b3S;2;9;UBA;MG;06/2016;6.462;0;3.986;0;0;0;10.448;-4.687;0;0;0;-407;-5.094;5.355;767;347;-2.306;-2.410;-36;0;101;-200;-3.737;1.618;-7;1.611;-42;0;1.569;0
COOPERATIVA DE CRÉDITO DE LIVRE ADMISSÃO DO TRIÂNGULO MINEIRO E SUDESTE DE GOIÁS LTDA. - SICOOB ARACREDI;68987;;;;b3S;2;9;ARAGUARI;MG;06/2016;8.316;0;2.109;0;0;0;10.424;-2.559;-1.877;0;0;-1.430;-5.865;4.559;412;214;-1.816;-1.640;-36;0;1.041;-273;-2.098;2.461;-27;2.434;-73;-73;2.288;0
COOPERATIVA DE CRÉDITO DE LIVRE ADMISSÃO DE  LAGOA DA PRATA E REGIÃO LTDA.   SICOOB LAGOACRED GERAIS;1739375;;;;b3S;2;9;LAGOA DA PRATA;MG;06/2016;8.030;0;2.385;0;0;0;10.414;-3.768;-515;0;0;-1.406;-5.690;4.724;2.102;1.195;-3.526;-2.072;-60;0;279;-153;-2.236;2.488;87;2.576;-80;-221;2.275;0
NOVO BANCO CONTINENTAL S.A. - BANCO MÚLTIPLO;74828799;;;81768;b1;3;8;PORTO ALEGRE;RS;06/2016;9.935;1.656;2.156;-3.368;0;0;10.379;-7.152;-1.500;-1.123;-433;-11.415;-21.624;-11.245;39;230;-8.290;-3.857;-458;0;11.308;-5.824;-6.853;-18.097;0;-18.097;1.907;0;-16.190;0
COOPERATIVA DE CRÉDITO DE LIVRE ADMISSÃO DE PARAÍSO DO TOCANTINS E REGIÃO LTDA;26960328;;;;b3S;2;9;PARAISO DO NORTE DO TOCANTINS;TO;06/2016;9.041;0;1.316;0;0;0;10.357;-1.711;-798;0;0;-2.185;-4.694;5.664;605;304;-2.587;-2.734;-79;0;337;-273;-4.428;1.236;4;1.240;-48;0;1.192;0
COOPERATIVA DE ECONOMIA E CRÉDITO MÚTUO DOS MÉDICOS, DEMAIS PROFISSIONAIS DE NÍVEL SUPERIOR DA ÁREA DE SAÚDE E EMPRESÁRIOS DE GUARULHOS E REGIÃO   UNICRED DE GUARULHOS;2250794;;;;b3S;2;9;GUARULHOS;SP;06/2016;5.832;0;4.510;0;0;0;10.343;-4.190;0;0;0;-1.691;-5.881;4.462;191;237;-1.363;-1.868;-8;0;0;-26;-2.838;1.624;0;1.624;0;0;1.624;-1.089
COOPERATIVA DE CRÉDITO DE LIVRE ADMISSÃO DA REGIÃO DE UMUARAMA - SICOOB ARENITO;7026923;;;;b3S;2;9;UMUARAMA;PR;06/2016;6.804;0;3.437;0;0;0;10.241;-4.063;-215;0;0;-1.696;-5.974;4.267;815;1.083;-2.535;-2.747;-28;0;229;-473;-3.656;610;6;617;-64;0;553;-646
COOPERATIVA DE CRÉDITO E INVESTIMENTO DE LIVRE ADMISSÃO DE ASSOCIADOS DA REGIÃO DAS FLORES, DAS ÁGUAS E DOS VENTOS SP - SICREDI FORÇA DOS VENTOS SP;57647653;;;;b3S;2;9;HOLAMBRA;SP;06/2016;7.219;0;2.996;0;0;0;10.215;-2.997;-386;0;0;-2.351;-5.735;4.480;794;720;-2.934;-2.183;-22;0;388;-2.265;-5.502;-1.022;-3;-1.025;-38;0;-1.063;0
COOPERATIVA DE CRÉDITO DE LIVRE ADMISSÃO DE MONTE CARMELO E REGIÃO LTDA - SICOOB MONTECREDI;71392047;;;;b3S;2;9;MONTE CARMELO;MG;06/2016;5.016;0;5.175;0;0;0;10.190;-5.043;-1.211;0;0;-133;-6.387;3.804;346;124;-1.078;-964;-22;0;1.231;-188;-552;3.252;-4;3.248;-59;-46;3.143;-518
COOPERATIVA DE CRÉDITO DE LIVRE ADMISSÃO CREDIEMBRAPA LTDA - SICOOB.;2338666;;;;b3S;2;9;BRASILIA;DF;06/2016;9.184;0;1.005;0;0;0;10.189;-2.718;-438;0;0;-444;-3.600;6.589;162;311;-2.755;-1.939;-23;269;31;-13;-3.958;2.631;9;2.640;0;0;2.640;-1.500
COOPERATIVA DE CRÉDITO DE LIVRE ADMISSÃO DA REGIÃO DO ALTO SÃO FRANCISCO LTDA. - SICOOB CREDIPRATA;26178111;;;;b3S;2;9;LAGOA DA PRATA;MG;06/2016;7.187;0;2.875;0;0;0;10.062;-3.695;-568;0;0;-751;-5.014;5.048;588;290;-2.455;-1.793;-49;0;452;-282;-3.248;1.800;0;1.800;-121;-82;1.596;0
BANCO POTTENCIAL S.A.;253448;;;81218;b1;2;2;BELO HORIZONTE;MG;06/2016;8.412;0;1.590;0;0;0;10.002;-5.719;-687;0;-3;-1.076;-7.484;2.518;10.758;740;-2.853;-8.129;-669;-122;1.420;-4.963;-3.817;-1.299;3;-1.295;1.321;0;26;0
ECONOMISA COMPANHIA HIPOTECÁRIA.;17441197;;;83364;n1;2;29;BELO HORIZONTE;MG;06/2016;988;0;4.052;0;0;4.935;9.976;0;-3.951;0;0;226;-3.725;6.250;117;1;-525;-4.902;-285;0;485;-132;-5.241;1.009;0;1.009;-331;0;678;0
GRADUAL CORRETORA DE CÂMBIO, TÍTULOS E VALORES MOBILIÁRIOS S.A.;33918160;;;82554;n2;2;15;SAO PAULO;SP;06/2016;0;0;6.320;16;3.626;0;9.961;-169;0;0;0;-6;-174;9.787;11.197;750;-7.119;-18.191;-1.221;0;596;-297;-14.286;-4.499;6;-4.493;0;0;-4.493;0
COOPERATIVA DE CRÉDITO DE LIVRE ADMISSÃO DA BORBOREMA E AGRESTE PARAIBANO - SICOOB BORBOREMA PARAIBANO;11907520;;;;b3S;2;9;CAMPINA GRANDE;PB;06/2016;8.294;0;1.570;0;0;0;9.865;-2.354;0;0;0;-127;-2.482;7.383;448;989;-1.707;-2.239;-15;0;139;-306;-2.690;4.693;43;4.736;-13;0;4.723;-415
COOPERATIVA DE CRÉDITO DOS MÉDICOS E DEMAIS PROFISSIONAIS DA SAÚDE DO SUL DE MINAS LTDA. - UNICRED SUL DE MINAS;71418784;;;;b3S;2;9;VARGINHA;MG;06/2016;5.502;0;4.339;0;0;0;9.841;-5.157;0;0;0;-948;-6.105;3.737;665;392;-2.144;-2.340;-11;0;43;-702;-4.098;-362;1;-363;0;0;-363;0
COOPERATIVA DE ECONOMIA E CRÉDITO MÚTUO DOS SERVIDORES DA FEDERAÇÃO DO COMÉRCIO, SESC E SENAC DE SÃO PAULO;62928320;;;;b3S;2;9;SAO PAULO;SP;06/2016;9.212;0;600;0;0;0;9.812;0;0;0;0;-508;-508;9.304;0;0;-558;-320;-346;0;639;0;-586;8.718;0;8.717;-104;0;8.613;-254
COOPERATIVA DE CRÉDITO DO OESTE MINEIRO E REGIÃO METROPOLITANA DE BELO HORIZONTE LTDA. - SICOOB CREDIOESTE;25420696;;;;b3S;2;9;ABAETE;MG;06/2016;8.350;0;1.450;0;0;0;9.800;-2.366;-571;0;0;-974;-3.911;5.889;756;932;-3.432;-2.009;-53;0;714;-331;-3.423;2.466;-1;2.465;-89;-140;2.237;0
COOPERATIVA DE CRÉDITO DOS PROFISSIONAIS DE SAÚDE DO TRIÂNGULO MINEIRO E SUL DE MINAS LTDA.;71432926;;;;b3S;2;9;UBERABA;MG;06/2016;5.560;0;4.236;0;0;0;9.796;-4.862;0;0;0;-23;-4.885;4.911;373;176;-1.958;-1.890;-16;0;9;-9;-3.314;1.597;20;1.617;0;0;1.617;-360
COOPERATIVA DE CRÉDITO RURAL DE PITANGUI LTDA-SICOOB CREDICOOP;41931221;;;;b3S;2;9;PITANGUI;MG;06/2016;7.646;0;2.125;0;0;0;9.771;-3.236;-327;0;0;-1.154;-4.717;5.054;239;177;-2.310;-1.276;-22;0;291;-205;-3.107;1.947;-21;1.926;-36;-133;1.757;0
TODESCREDI S/A - CRÉDITO, FINANCIAMENTO E INVESTIMENTO;9473806;;;83546;n1;2;14;BENTO GONCALVES;RS;06/2016;9.770;0;0;0;0;0;9.770;-2.910;0;0;0;-4.233;-7.143;2.627;115;0;-964;-841;-306;0;196;-374;-2.174;453;0;453;-10;-13;429;0
COOPERATIVA DE ECONOMIA E CREDITO MUTUO DOS JUIZES DO RIO GRANDE DO SUL - SICREDI AJURIS;3750034;;;;b3S;2;9;PORTO ALEGRE;RS;06/2016;3.352;0;6.408;0;0;0;9.760;-7.532;-73;0;0;-3;-7.608;2.151;343;7;-538;-289;-17;0;92;-414;-815;1.336;0;1.336;-84;0;1.252;0
COOPERATIVA DE CRÉDITO DE LIVRE ADMISSÃO DA REGIÃO DE  PARÁ DE MINAS LTDA - SICOOB CREDIRURAL;25387713;;;;b3S;2;9;PARA DE MINAS;MG;06/2016;2.760;0;6.908;0;0;0;9.668;-5.501;-83;0;0;-292;-5.877;3.790;337;367;-1.723;-1.194;-27;0;157;-62;-2.146;1.645;3;1.647;-73;0;1.575;0
JURISCRED - COOPERATIVA DE CRÉDITO DOS MEMBROS DO PODER JUDICIÁRIO, DO MINISTÉRIO PÚBLICO, DE ÓRGÃOS JURÍDICOS E DE SERVIDORES PÚBLICOS ESTADUAIS E MUNICIPAIS EM ALAGOAS;4179861;;;;b3S;2;9;MACEIO;AL;06/2016;6.777;0;2.872;0;0;0;9.649;-3.490;0;0;0;246;-3.244;6.405;163;252;-1.530;-717;-42;3;202;-836;-2.505;3.901;0;3.901;-5;-140;3.756;0
COOPERATIVA DE CRÉDITO DOS MÉDICOS, PROFISSIONAIS DA ÁREA DE SAÚDE E EMPRESÁRIOS DA REGIÃO DOS CAMPOS GERAIS LTDA.;3234384;;;;b3S;2;9;PONTA GROSSA;PR;06/2016;5.345;0;4.221;0;0;0;9.566;-5.141;-31;0;0;159;-5.013;4.553;40;202;-1.371;-1.401;-13;0;69;-33;-2.507;2.046;-8;2.038;-3;-60;1.975;-1.428
COOPERATIVA DE CRÉDITO DE LIVRE ADMISSÃO DO MÉDIO LESTE DE MATO GROSSO - SICOOB PRIMAVERA MT;5241619;;;;b3S;2;9;PRIMAVERA DO LESTE;MT;06/2016;7.330;0;2.135;0;0;0;9.465;-3.524;-170;0;0;-813;-4.507;4.958;563;859;-2.063;-2.125;-29;0;982;-1.115;-2.927;2.031;-22;2.010;-40;0;1.969;0
COOPERATIVA DE CREDITO RURAL COM INTERACAO SOLIDARIA DE CONSTANTINA-CRESOL CONSTANTINA.;2663426;;;;b3S;2;9;CONSTANTINA;RS;06/2016;6.619;0;2.817;0;0;0;9.436;-3.266;-1.161;0;0;-1.056;-5.483;3.953;910;46;-1.397;-1.382;0;0;0;-543;-2.366;1.587;93;1.680;0;0;1.680;0
OURINVEST DISTRIBUIDORA DE TÍTULOS E VALORES MOBILIÁRIOS S.A.;997804;OURINVEST;51901;81012;n2;2;16;SAO PAULO;SP;06/2016;0;0;9.474;-38;0;0;9.435;-61;0;0;0;0;-61;9.375;2.720;0;-7.578;-930;-789;0;2.022;0;-4.555;4.819;0;4.819;-2.071;-52;2.696;0
COOPERATIVA DE ECONOMIA E CRÉDITO MÚTUO DOS SERVIDORES DO PODER EXECUTIVO FEDERAL, DOS SERVIDORES DA SECRETARIA DE SAÚDE E DOS TRABALHADORES EM ENSINO DO DISTRITO FEDERAL LTDA.   SICOOB EXECUTIVO;694877;;;;b3S;2;9;BRASILIA;DF;06/2016;7.582;0;1.778;0;0;0;9.360;-3.118;-725;0;0;-2.171;-6.014;3.346;425;570;-2.519;-2.822;-24;477;190;-94;-3.797;-451;449;-2;-168;0;-170;-50
COOPERATIVA DE CRÉDITO DE LIVRE ADMISSÃO DAS REGIÕES SUDOESTE, SUL E OESTE DE GOIÁS;3047549;;;;b3S;2;9;RIO VERDE;GO;06/2016;7.707;0;1.633;0;0;0;9.340;-2.497;0;0;0;-1.643;-4.139;5.200;270;659;-2.649;-2.299;-31;0;28;-500;-4.521;679;-2;677;-33;0;644;0
J. SAFRA CORRETORA DE VALORES E CÂMBIO LTDA;60783503;SAFRA;10083;80109;n2;2;15;SAO PAULO;SP;06/2016;0;0;9.321;0;0;0;9.321;0;0;0;0;-69;-69;9.252;8.521;9.649;-6.297;-2.540;-2.188;0;2.901;-1.779;8.266;17.518;16;17.534;-7.924;0;9.610;0
NATIXIS BRASIL S.A. BANCO MÚLTIPLO;9274232;;;81627;b1;3;8;SAO PAULO;SP;06/2016;0;0;8.959;0;337;0;9.295;-249;0;0;0;0;-249;9.046;10.870;0;-6.328;-3.795;-499;0;7;-2.201;-1.946;7.100;-5;7.095;-3.406;0;3.688;0
BANCO PECUNIA S.A.;60850229;SOCIETE GENERALE;31859;80264;b1;3;8;SAO PAULO;SP;06/2016;3.800;0;5.481;0;0;0;9.282;-4;0;0;0;-720;-724;8.558;0;47;-1.247;-18.659;-495;-5.129;3.725;-11.725;-33.483;-24.925;-32;-24.957;0;0;-24.957;0
COOPERATIVA DE CRÉDITO DOS EMPRESÁRIOS INDUSTRIAIS VINCULADOS À FIEMG LTDA - SICOOB CREDIFIEMG;7469260;;;;b3S;2;9;BELO HORIZONTE;MG;06/2016;4.257;0;4.955;0;0;0;9.212;-5.550;0;0;0;-1.164;-6.714;2.498;185;260;-1.007;-629;-8;0;384;-80;-895;1.604;1;1.603;-5;0;1.598;-674
COOPERATIVA DE CRÉDITO DOS SERVIDORES DOS PODERES LEGISLATIVOS DO ESTADO DE MINAS GERAIS E DO SEU ÓRGÃO AUXILIAR LTDA. - SICOOB COFAL;21797311;;;;b3S;2;9;BELO HORIZONTE;MG;06/2016;6.218;0;2.946;0;0;0;9.164;-4.680;0;0;0;-87;-4.767;4.397;203;238;-1.907;-1.071;-41;0;427;-85;-2.236;2.162;-20;2.142;-23;0;2.119;-999
COOPERATIVA DE CRÉDITO DE LIVRE ADMISSÃO DE SANTA CRUZ DAS PALMEIRAS E REGIÃO;6910457;;;;b3S;2;9;SANTA CRUZ DAS PALMEIRAS;SP;06/2016;7.480;0;1.682;0;0;0;9.162;-3.965;-9;0;0;-4.420;-8.395;768;142;260;-1.610;-1.725;-14;0;64;-105;-2.988;-2.220;-57;-2.277;0;0;-2.277;0
SANTANDER SECURITIES SERVICES BRASIL DISTRIBUIDORA DE TÍTULOS E VALORES MOBILIÁRIOS S.A.;62318407;SANTANDER;30379;80185;n2;3;16;SAO PAULO;SP;06/2016;0;0;9.035;0;0;0;9.035;0;0;0;-28;0;-28;9.007;109.262;0;-13.733;-44.090;-11.252;0;10.560;-3.416;47.331;56.338;0;56.338;-29.785;-5.449;21.104;0
COOPERATIVA DE ECONOMIA E CRÉDITO MÚTUO DOS FUNCIONÁRIOS DO GRUPO COSAN - BARRACRED COSAN;1439107;;;;b3S;2;9;BARRA BONITA;SP;06/2016;7.245;0;1.742;0;0;0;8.987;0;0;0;0;-213;-213;8.774;179;0;-1.269;-766;-86;0;69;0;-1.872;6.902;-348;6.554;-703;0;5.852;-5.034
COOPERATIVA DE CRÉDITO DE LIVRE ADMISSÃO DO ALTO SÃO FRANCISCO LTDA.;41805003;;;;b3S;2;9;PIUMHI;MG;06/2016;6.220;0;2.748;0;0;0;8.968;-2.973;-745;0;0;-748;-4.466;4.502;566;337;-2.547;-1.702;-57;0;292;-139;-3.250;1.252;-2;1.250;-52;0;1.198;0
COOPERATIVA DE CRÉDITO DE LIVRE ADMISSÃO DA REGIÃO DE DIVINÓPOLIS LTDA - SICOOB CREDIVERDE;25528753;;;;b3S;2;9;DIVINOPOLIS;MG;06/2016;5.790;0;3.159;0;0;0;8.949;-2.815;-69;0;0;-2.050;-4.935;4.014;902;1.120;-2.278;-2.135;-58;0;393;-320;-2.377;1.638;2;1.640;-151;-112;1.377;0
BBVA BRASIL BANCO DE INVESTIMENTO S.A.;45283173;;;81366;b2;3;13;SAO PAULO;SP;06/2016;1.226;0;7.723;0;0;0;8.948;0;0;0;-117;0;-117;8.831;0;0;-5.101;-1.473;-423;0;150;-16;-6.864;1.967;117;2.084;-1.128;0;957;0
COOPERATIVA DE ECONOMIA E CRÉDITO MÚTUO DOS PROFISSIONAIS DAS ÁREAS DE TECNOLOGIA, DE ENGENHARIA E DE ARQUITETURA DE BELO HORIZONTE E REGIÃO METROPOLITANA DE BELO HORIZONTE LTDA - SICOOB ENGECRED;2606305;;;;b3S;2;9;BELO HORIZONTE;MG;06/2016;5.089;0;3.856;0;0;0;8.944;-4.213;-122;0;0;-338;-4.673;4.271;141;562;-1.652;-1.317;-48;0;205;-166;-2.275;1.997;-7;1.989;-9;0;1.980;0
COOPERATIVA DE CRÉDITO DE LIVRE ADMISSÃO CAMPOS DA MANTIQUEIRA LTDA. - SICOOB CREDICAMPO;21661202;;;;b3S;2;9;ENTRE RIOS DE MINAS;MG;06/2016;5.253;0;3.647;0;0;0;8.899;-3.270;-216;0;0;-327;-3.813;5.087;626;997;-2.673;-2.372;-48;0;601;-326;-3.196;1.891;3;1.894;-97;-218;1.579;-418
JSL ARRENDAMENTO MERCANTIL S.A.;1852137;;;84480;n1;3;19;BARUERI;SP;06/2016;0;7.237;1.601;0;0;0;8.838;-234;0;-5.456;0;-177;-5.867;2.971;2.788;884;-3.227;-3.665;-364;0;444;-40;-3.179;-209;0;-209;92;0;-117;0
MAXIMA S.A. CORRETORA DE CAMBIO, TITULOS E VALORES MOBILIARIOS;33886862;MÁXIMA;50201;80367;n2;2;15;RIO DE JANEIRO;RJ;06/2016;0;0;887;2.131;5.816;0;8.834;0;0;0;0;0;0;8.834;810;0;-2.318;-8.326;-504;0;9;-4;-10.332;-1.498;-35;-1.533;669;0;-864;0
COOPERATIVA DE CRÉDITO E INVESTIMENTO DE LIVRE ADMISSÃO DA REGIÃO CENTRAL DO ESTADO DE SÃO PAULO - SICREDI CENTRO PAULISTA SP;3974280;;;;b3S;2;9;BAURU;SP;06/2016;6.136;0;2.655;0;0;0;8.792;-3.175;-69;0;0;-1.137;-4.381;4.411;869;565;-1.985;-1.710;-30;0;149;-1.939;-4.081;330;1;330;-101;0;229;0
COOPERATIVA DE CRÉDITO DE LIVRE ADMISSÃO DE POMPÉU LTDA. - SICOOB CREDIPÉU;66262643;;;;b3S;2;9;POMPEU;MG;06/2016;6.008;0;2.773;0;0;0;8.781;-3.555;-403;0;0;-1.244;-5.202;3.579;283;132;-2.107;-1.256;-42;0;1.306;-813;-2.496;1.083;1;1.084;-54;0;1.030;0
COOPERATIVA DE CREDITO RURAL COM INTERACAO SOLIDARIA DE ERECHIM - CRESOL ERECHIM;2910987;;;;b3S;2;9;ERECHIM;RS;06/2016;6.535;0;2.220;0;0;0;8.755;-3.075;-427;0;0;-311;-3.813;4.943;354;58;-946;-839;-11;0;56;-364;-1.693;3.250;-7;3.244;-14;0;3.229;0
COOPERATIVA DE ECONOMIA E CREDITO MUTUO DOS MEDICOS E CATEGORIAS AFINS-UNICRED NITEROI LTDA;1090027;;;;b3S;2;9;NITEROI;RJ;06/2016;5.234;0;3.446;0;0;0;8.680;-3.391;0;0;0;-372;-3.763;4.917;164;20;-1.756;-2.347;0;0;97;-82;-3.904;1.014;0;1.014;0;0;1.014;0
BANCO CEDULA S.A.;33132044;;;81469;b1;2;8;RIO DE JANEIRO;RJ;06/2016;7.629;908;-1.009;1.136;0;0;8.664;-5.343;0;-429;0;-18.408;-24.180;-15.517;0;34;-875;-2.446;-319;0;768;-4.431;-7.269;-22.785;0;-22.785;-15;0;-22.800;0
COOPERATIVA DE ECONOMIA E CRÉDITO MÚTUO DOS EMPREGADOS DA JOHNSON & JOHNSON;45691128;;;;b3S;2;9;SAO JOSE DOS CAMPOS;SP;06/2016;5.539;0;3.118;0;0;0;8.657;0;0;0;0;420;420;9.077;0;0;-1.025;-625;-4;0;86;-13;-1.582;7.495;0;7.495;0;-93;7.402;-4.330
VOTORANTIM ASSET MANAGEMENT DISTRIBUIDORA DE TÍTULOS E VALORES MOBILIÁRIOS LTDA;3384738;VOTORANTIM;51011;80484;n2;2;16;SAO PAULO;SP;06/2016;0;0;8.653;0;0;0;8.653;0;0;0;0;0;0;8.653;59.251;0;-37.403;-9.425;-4.449;0;11.492;-1.935;17.532;26.185;-518;25.667;-8.305;-8.327;9.036;0
COOPERATIVA DE CRÉDITO DE LIVRE ADMISSÃO DA REGIÃO CENTRAL DE RONDÔNIA   SICOOB OUROCREDI;2144899;;;;b3S;2;9;OURO PRETO DO OESTE;RO;06/2016;7.382;0;1.225;0;0;0;8.607;-825;-1.110;0;0;-317;-2.252;6.355;449;640;-2.873;-2.026;-88;0;107;-167;-3.959;2.396;31;2.427;0;0;2.427;-709
COOPERATIVA DE POUPANCA E CRÉDITO MÚTUO DOS EMPRESÁRIOS E PROFISSIONAIS LIBERAIS DO OESTE PAULISTA - SICOOB PAULISTA;10262276;;;;b3S;2;9;PRESIDENTE PRUDENTE;SP;06/2016;6.202;0;2.374;0;0;0;8.576;-2.960;-118;0;0;-774;-3.851;4.725;906;1.653;-3.018;-3.440;-61;0;158;-357;-4.158;567;38;605;-13;0;591;0
SOCINAL S.A. - CRÉDITO, FINANCIAMENTO E INVESTIMENTO;3881423;;;83577;n1;2;14;ARARUAMA;RJ;06/2016;8.302;0;206;0;0;0;8.508;-4.129;0;0;0;-561;-4.690;3.818;0;0;-471;-1.161;-205;0;71;0;-1.765;2.053;0;2.053;-1.164;0;889;0
COOPERATIVA ECONOMIA CRÉDITO MÚTUO SERVIDORES PODER JUDICIÁRIO, TRIBUNAL CONTAS ESTADUAL E SERVIDORES ÓRGÃOS ENTIDADES ÁREA CIÊNCIA TECNOLOGIA NO ESTADO DO RIO DE JANEIRO LTDA.;2000895;;;;b3S;2;9;RIO DE JANEIRO;RJ;06/2016;7.260;0;1.247;0;0;0;8.507;-2.471;-155;0;0;-102;-2.728;5.780;204;66;-2.170;-1.248;-24;0;349;-517;-3.340;2.440;0;2.440;-21;0;2.419;0
COOPERATIVA DE CRÉDITO DE LIVRE ADMISSÃO DA REGIÃO DE ITURAMA LTDA. - SICOOB CREDIRAMA;3412878;;;;b3S;2;9;ITURAMA;MG;06/2016;6.740;0;1.756;0;0;0;8.495;-2.148;-1.040;0;0;182;-3.007;5.489;474;360;-2.165;-1.859;-59;0;500;-235;-2.984;2.505;32;2.536;-85;-85;2.366;0
CONCÓRDIA S.A. CORRETORA DE VALORES MOBILIÁRIOS, CÂMBIO E COMMODITIES;52904364;;;82822;n2;2;15;SAO PAULO;SP;06/2016;0;0;8.470;-12;0;0;8.458;-216;0;0;0;0;-216;8.242;16.627;2.165;-9.023;-13.705;-1.848;0;812;-631;-5.603;2.639;-171;2.468;411;-3.083;-204;0
BGC LIQUIDEZ DISTRIBUIDORA DE TÍTULOS E VALORES MOBILIÁRIOS LTDA;33862244;;;84033;n2;3;16;RIO DE JANEIRO;RJ;06/2016;0;0;7.995;402;0;0;8.397;0;0;0;0;0;0;8.397;61.132;0;-10.262;-24.289;-4.657;0;14.335;-3.912;32.347;40.745;0;40.745;-5.208;-26.187;9.350;0
NOVO MUNDO CORRETORA DE CÂMBIO S.A.;8609934;;;82028;n2;2;21;SAO PAULO;SP;06/2016;0;0;0;0;8.300;0;8.300;0;0;0;0;-10;-10;8.290;644;0;-3.193;-4.866;-457;0;185;-50;-7.737;553;0;553;-265;0;288;0
COOPERATIVA DE CRÉDITO MÚTUO E INVESTIMENTO DOS INTEGRANTES DA MAGISTRATURA E DO MINISTÉRIO PÚBLICO NO ESTADO DO PARANÁ - SICREDI CREDJURIS;4886317;;;;b3S;2;9;CURITIBA;PR;06/2016;2.150;0;6.121;0;0;0;8.272;-6.835;-39;0;0;-19;-6.894;1.378;243;0;-565;-346;-12;0;50;-381;-1.010;367;0;367;-53;0;314;0
COOPERATIVA CENTRAL DE CRÉDITO NOROESTE BRASILEIRO LTDA.;4632856;;;;b3C;2;9;JI-PARANA;RO;06/2016;392;0;7.870;0;0;0;8.262;-5.753;0;0;0;15;-5.738;2.524;454;0;-2.487;-1.384;-14;0;1.099;-189;-2.521;2;-2;0;0;0;0;0
COOPERATIVA DE ECONOMIA E CRÉDITO MÚTUO UNICRED REGIÃO DA CAMPANHA LTDA - UNICRED REGIÃO DA CAMPANHA;1705236;;;;b3S;2;9;SANTANA DO LIVRAMENTO;RS;06/2016;6.950;0;1.304;0;0;0;8.254;-3.443;0;0;0;-93;-3.536;4.718;409;41;-1.018;-1.648;-8;0;4;-113;-2.333;2.385;0;2.385;-20;0;2.365;-507
COOPERATIVA DE ECONOMIA E CRÉDITO MÚTUO DOS PROFISSIONAIS DA SAÚDE, DAS CIÊNCIAS E DAS ARTES DE DOURADOS - UNIPRIME DOURADOS;37554441;;;;b3S;2;9;DOURADOS;MS;06/2016;5.199;0;2.995;0;0;0;8.194;-2.770;0;0;0;-787;-3.557;4.636;43;53;-940;-619;-184;0;54;-12;-1.605;3.031;-16;3.014;-7;-48;2.960;-1.137
COOPERATIVA DE CRÉDITO DOS EMPRESÁRIOS EM TRANSPORTES RODOVIÁRIOS DE FRANCISCO BELTRÃO E REGIÃO - RODOCRÉDITO;10311218;;;;b3S;2;9;FRANCISCO BELTRAO;PR;06/2016;6.419;0;1.767;0;0;0;8.186;-2.088;-546;0;0;-2.915;-5.549;2.637;419;312;-1.076;-1.484;-4;0;6;-121;-1.948;689;-4;685;0;-51;634;0
COOPERATIVA DE CRÉDITO E INVESTIMENTO DE LIVRE ADMISSÃO DA ALTA NOROESTE DE SÃO PAULO - SICREDI ALTA NOROESTE SP;4484490;;;;b3S;2;9;BIRIGUI;SP;06/2016;6.316;0;1.829;0;0;0;8.145;-2.409;-59;0;0;-1.247;-3.715;4.430;1.091;736;-1.964;-1.725;-21;0;124;-2.041;-3.799;631;-11;620;-23;0;597;0
COOPERATIVA DE CRÉDITO DE LIVRE ADMISSÃO DE RIO CLARO E REGIÃO LTDA. - UNICRED RIO CLARO E REGIÃO;1259518;;;;b3S;2;9;RIO CLARO;SP;06/2016;4.869;0;3.233;0;0;0;8.102;-3.605;0;0;0;-256;-3.860;4.242;824;144;-1.541;-2.302;0;0;20;-26;-2.882;1.360;9;1.369;-15;0;1.354;-471
HAITONG SECURITIES DO BRASIL CORRETORA DE CÂMBIO E VALORES MOBILIÁRIOS S.A.;33894445;HAITONG;51482;80666;n2;3;15;SAO PAULO;SP;06/2016;0;0;8.084;-34;0;0;8.049;0;0;0;0;0;0;8.049;6.019;0;-9.633;-7.765;-953;0;100;-2.717;-14.948;-6.899;0;-6.899;3.024;0;-3.875;0
COOPERATIVA DE ECONOMIA E CREDITO MUTUO DOS MEDICOS E DEMAIS PROFISSIONAIS DA SAUDE DE IJUI LTDA;1526924;;;;b3S;2;9;IJUI;RS;06/2016;4.266;0;3.722;0;0;0;7.988;-4.109;0;0;0;-125;-4.234;3.754;238;44;-863;-1.199;-6;0;1;-22;-1.807;1.947;0;1.947;-2;-60;1.885;-1.100
COOPERATIVA DE CRÉDITO DO VALE DO SÃO FRANCISCO - SICREDI VALE DO SÃO FRANCISCO;4237413;;;;b3S;2;9;PETROLINA;PE;06/2016;6.545;0;1.400;0;0;0;7.945;-1.882;0;0;0;-1.740;-3.622;4.323;367;373;-1.494;-771;-7;28;140;-568;-1.933;2.390;0;2.390;0;-48;2.342;0
COOPERATIVA DE CRÉDITO RURAL DE GUARANI LTDA - SICOOB GUARANICREDI;26014175;;;;b3S;2;9;GUARANI;MG;06/2016;4.795;0;3.114;0;0;0;7.909;-3.826;-182;0;0;-145;-4.154;3.756;402;153;-1.747;-1.563;-28;0;208;-69;-2.643;1.113;2;1.115;-55;0;1.060;0
COOPERATIVA DE ECONOMIA E CREDITO MUTUO DOS SERVIDORES PUBLICOS DOS PODERES EXECUTIVO E LEGISLATIVO NO ESTADO DE MATO GROSSO - SICOOB SERVIDOR;4346379;;;;b3S;2;9;CUIABA;MT;06/2016;7.471;0;424;0;0;0;7.895;-730;-1.981;0;0;-1.549;-4.259;3.636;684;29;-2.209;-1.813;-61;0;809;-159;-2.719;917;50;967;-134;0;833;0
COOPERATIVA DE CRÉDITO DE LIVRE ADMISSÃO DO CENTRO-SUL GOIANO LTDA;33579731;;;;b3S;2;9;MORRINHOS;GO;06/2016;6.628;0;1.266;0;0;0;7.893;-1.630;-305;0;0;-2.240;-4.175;3.718;231;279;-2.580;-1.724;-12;0;349;-106;-3.563;156;0;156;-10;0;146;0
COOPERATIVA DE CREDITO DE LIVRE ADMISSÃO DO CENTRO LESTE DE RONDÔNIA LTDA - CREDISIS LESTE;3612764;;;;b3S;2;9;CACOAL;RO;06/2016;7.011;0;868;0;0;0;7.879;-2.126;0;0;0;-821;-2.946;4.933;195;30;-1.654;-1.319;-9;0;67;-358;-3.047;1.886;-2;1.884;0;0;1.884;-794
COOPERATIVA DE ECONOMIA E CRÉDITO MÚTUO DOS PROFISSIONAIS DA SAÚDE E EMPRESÁRIOS DA REGIÃO DO IGUAÇU - UNIPRIME DO IGUAÇU;1848322;;;;b3S;2;9;PATO BRANCO;PR;06/2016;5.473;0;2.380;0;0;0;7.853;-3.637;-60;0;0;-863;-4.560;3.293;176;67;-1.313;-986;-6;0;36;-9;-2.034;1.258;-14;1.244;-5;0;1.239;-690
COOPERATIVA DE CRÉDITO SICREDI REGIÃO SUL DA BAHIA -SICREDI REGIÃO SUL DA BAHIA;97489280;;;;b3S;2;9;ITABUNA;BA;06/2016;4.896;0;2.929;0;0;0;7.825;-2.385;0;0;0;-173;-2.557;5.268;95;292;-1.631;-765;-6;2;225;-512;-2.300;2.967;37;3.005;0;-72;2.933;0
CENTRAL DAS COOPERATIVAS DE CRÉDITO DOS ESTADOS DE MATO GROSSO E MATO GROSSO DO SUL;106180;;;;b3C;2;9;CUIABA;MT;06/2016;605;0;7.179;0;0;0;7.784;-7.009;0;0;0;8;-7.001;783;176;0;-2.587;-1.957;-17;0;4.695;-309;2;785;-1;784;-26;0;758;0
COOPERATIVA DE CRÉDITO DE LIVRE ADMISSÃO UNIÃO DO CENTRO OESTE DE MINAS LTDA;1703620;;;;b3S;2;9;BOM DESPACHO;MG;06/2016;6.298;0;1.481;0;0;0;7.779;-3.143;-221;0;0;-515;-3.879;3.900;743;439;-2.052;-1.423;-46;0;127;-197;-2.408;1.492;-62;1.430;-49;0;1.381;0
COOPERATIVA DE CRÉDITO DE LIVRE ADMISSÃO DO NORDESTE DE MINAS GERAIS E SUL DA BAHIA LTDA - SICOOB CREDINORTE;64276058;;;;b3S;2;9;NANUQUE;MG;06/2016;5.778;0;1.958;0;0;0;7.736;-1.861;-694;0;0;-28;-2.582;5.153;423;476;-1.993;-1.487;-48;0;336;-217;-2.511;2.642;-5;2.637;-73;0;2.564;-636
COOPERATIVA DE CRÉDITO DOS FORNECEDORES DE CANA E AGROPECUARISTAS DA REGIÃO OESTE PAULISTA - SICOOB COOPCRED;53623781;;;;b3S;2;9;VALPARAISO;SP;06/2016;6.533;0;1.198;0;0;0;7.731;-1.364;-361;0;0;-1.372;-3.098;4.633;305;264;-2.336;-1.274;-14;0;342;-478;-3.191;1.442;0;1.442;-17;0;1.425;0
COOPERATIVA DE CREDITO DE LIVRE ADMISSÃO DO VALE DO GORUTUBA LTDA - SICOOB CREDIVAG;25404542;;;;b3S;2;9;JANAUBA;MG;06/2016;5.947;0;1.760;0;0;0;7.707;-1.362;-720;0;0;-368;-2.450;5.256;493;1.105;-2.257;-1.904;-36;0;302;-280;-2.577;2.679;1;2.680;-66;-59;2.555;0
BCV - BANCO DE CRÉDITO E VAREJO S.A.;50585090;BMG;30290;80178;b1;2;8;SAO PAULO;SP;06/2016;93;0;29.258;-22.475;825;0;7.700;-11.490;-323;0;0;129;-11.684;-3.984;0;0;0;0;-869;0;26.358;-2.895;22.594;18.610;0;18.610;-8.629;0;9.981;0
SICREDI CARIRI - COOPERATIVA DE ECONOMIA E CRÉDITO MÚTUO DOS MÉDICOS E DEMAIS PROFISSIONAIS DA SAÚDE DA REGIÃO DO CARIRI;86913993;;;;b3S;2;9;JUAZEIRO DO NORTE;CE;06/2016;4.510;0;3.180;0;0;0;7.690;-2.866;0;0;0;-180;-3.046;4.644;121;317;-1.449;-870;-9;5;164;-690;-2.410;2.234;0;2.234;0;-42;2.192;0
BROKER BRASIL CORRETORA DE CÂMBIO LTDA.;16944141;;;82372;n2;2;21;SAO PAULO;SP;06/2016;0;0;238;0;7.375;0;7.613;0;0;0;0;0;0;7.613;6.574;0;-1.890;-9.392;-993;0;102;-12;-5.611;2.002;0;2.002;-907;0;1.095;0
STARA FINANCEIRA S.A. - CRÉDITO FINANCIAMENTO E INVESTIMENTO;17359351;;;83711;n1;2;14;NAO-ME-TOQUE;RS;06/2016;7.003;0;582;0;0;0;7.585;-1.918;0;0;0;-201;-2.118;5.466;0;0;-489;-445;-301;0;304;1;-932;4.535;34;4.569;-2.130;0;2.439;0
GET MONEY CORRETORA DE CÂMBIO S.A.;10853017;;;82255;n2;2;21;SAO PAULO;SP;06/2016;0;0;53;0;7.505;0;7.558;0;0;0;0;0;0;7.558;379;0;-2.010;-3.639;-391;0;73;-54;-5.643;1.915;0;1.915;-893;0;1.022;0
COOPERATIVA DE CRÉDITO DE LIVRE ADMISSÃO UNIÃO E NEGÓCIOS - SICOOB INTEGRAÇÃO;8742188;;;;b3S;2;9;CUIABA;MT;06/2016;6.703;0;844;0;0;0;7.547;-1.853;-61;0;0;-1.239;-3.152;4.395;585;922;-2.495;-3.017;-29;0;553;-275;-3.755;640;2;641;-30;0;612;0
COOPERATIVA DE CRÉDITO DE LIVRE ADMISSÃO DA REGIÃO DE TRÊS PONTAS LTDA. - SICOOB COPERSUL;18966739;;;;b3S;2;9;TRES PONTAS;MG;06/2016;3.898;0;3.526;0;0;0;7.425;-3.442;-286;0;0;-512;-4.241;3.184;550;454;-1.773;-1.377;-39;0;600;-225;-1.810;1.373;2;1.375;-82;-39;1.254;0
COOPERATIVA DE CRÉDITO DE LIVRE ADMISSÃO DO NOROESTE DE MINAS GERAIS LTDA.   SICOOB CREDIPINHO;71154876;;;;b3S;2;9;JOAO PINHEIRO;MG;06/2016;6.574;0;837;0;0;0;7.411;-1.494;-1.282;0;0;-2.043;-4.819;2.592;520;666;-2.333;-1.830;-45;0;321;-528;-3.229;-636;-154;-790;-59;0;-849;0
COOPERATIVA DE CRÉDITO DE LIVRE ADMISSÃO DA REGIÃO LESTE DA BACIA DO RIO DOCE LTDA   SICOOB CREDILESTE;5158093;;;;b3S;2;9;CARATINGA;MG;06/2016;5.006;0;2.357;0;0;0;7.363;-2.794;0;0;0;-957;-3.751;3.612;359;139;-1.667;-1.281;-33;0;216;-95;-2.361;1.251;7;1.258;-17;0;1.240;0
GREENCRED COOPERATIVA DE ECONOMIA E CRÉDITO MÚTUO  DOS MÉDICOS, DEMAIS CATEGORIAS AFINS E PROFESSORES DE ENSINO SUPERIOR DE CURITIBA, REGIÃO METROPOLITANA E LITORAL;2347114;;;;b3S;2;9;CURITIBA;PR;06/2016;2.988;0;4.302;0;0;0;7.290;-3.149;0;0;0;-173;-3.322;3.968;0;0;-551;-1.160;-2;0;0;0;-1.713;2.256;0;2.256;-430;0;1.826;-526
BRB - DISTRIBUIDORA DE TITULOS E VALORES MOBILIARIOS SA;33850686;BRB;31976;80288;n2;1;16;BRASILIA;DF;06/2016;0;0;7.221;0;0;0;7.221;0;0;0;0;0;0;7.221;8.703;0;-656;-6.564;-1.205;0;551;-384;445;7.666;0;7.666;-3.411;-176;4.079;0
COOPERATIVA DE CRÉDITO DE LIVRE ADMISSÃO DE CAMPOS ALTOS LTDA - SICOOB CREDIAGRO;429890;;;;b3S;2;9;CAMPOS ALTOS;MG;06/2016;5.762;0;1.421;0;0;0;7.183;-1.630;-1.017;0;0;-4.862;-7.509;-326;493;341;-1.200;-946;-23;0;662;-653;-1.325;-1.651;0;-1.652;-54;-42;-1.748;-701
COOPERATIVA DE CRÉDITO MÚTUO DOS EMPRESÁRIOS DE FRANCA E REGIÃO SICOOB CRED-ACIF;4013172;;;;b3S;2;9;FRANCA;SP;06/2016;5.065;0;2.104;0;0;0;7.169;-2.613;-94;0;0;-690;-3.397;3.772;754;744;-1.744;-2.241;-35;0;126;-134;-2.530;1.241;4;1.245;-35;-90;1.121;0
COOPERATIVA DE CRÉDITO NOSSA SENHORA DO DESTERRO - SICOOB CREDISC;3419786;;;;b3S;2;9;FLORIANOPOLIS;SC;06/2016;4.955;0;2.171;0;0;0;7.125;-3.629;-1;0;0;-167;-3.797;3.329;296;293;-1.563;-1.308;-23;0;210;-444;-2.540;788;128;916;-82;0;834;0
BANCO ARBI S.A.;54403563;;;81201;b1;2;2;RIO DE JANEIRO;RJ;06/2016;5.142;0;1.967;0;0;0;7.109;-5.611;0;0;0;-151;-5.762;1.346;47;139;-3.108;-1.750;-219;819;3.474;-759;-1.357;-11;0;-11;0;0;-11;0
COOPERATIVA DE CRÉDITO RURAL DE RIO BRANCO LTDA.;5439425;;;;b3S;2;9;RIO BRANCO;AC;06/2016;6.107;0;930;0;0;0;7.038;-2.018;0;0;0;-1.713;-3.731;3.307;139;53;-789;-537;-4;0;0;-476;-1.614;1.693;-25;1.668;0;0;1.668;-347
COOPERATIVA DE CRÉDITO RURAL DE ABELARDO LUZ - SULCREDI/CREDILUZ;1073966;;;;b3S;2;9;ABELARDO LUZ;SC;06/2016;4.949;0;2.068;0;0;0;7.017;-1.704;-394;0;0;-3.292;-5.390;1.626;150;162;-2.214;-1.831;-28;0;273;-272;-3.760;-2.134;39;-2.095;0;0;-2.095;0
COOPERATIVA DE ECONOMIA E CRÉDITO MÚTUO DOS PROFISSIONAIS DA SAÚDE DO SUDESTE PAULISTA LTDA. - UNICRED SUDESTE PAULISTA;5608957;;;;b3S;2;9;SOROCABA;SP;06/2016;4.467;0;2.539;0;0;0;7.006;-3.247;0;0;0;-657;-3.904;3.102;658;130;-1.652;-2.029;-2;0;8;-24;-2.910;192;1;193;-2;0;192;-117
COOPERATIVA DE ECONOMIA E CRÉDITO MÚTUO DOS MÉDICOS E PROFISSIONAIS DA ÁREA DA SAÚDE DE PRESIDENTE PRUDENTE E REGIÃO - UNIPRIME OESTE PAULISTA;74220948;;;;b3S;2;9;PRESIDENTE PRUDENTE;SP;06/2016;2.212;0;4.786;0;0;0;6.998;-4.915;0;0;0;-21;-4.936;2.062;9;220;-950;-494;-8;0;4;-243;-1.461;600;5;605;-1;-83;521;0
COOPERATIVA DE CREDITO DE LIVRE ADMISSAO DO CENTRO NORDESTE MINEIRO LTDA - SICOOB CREDICENM;2173447;;;;b3S;2;9;GUANHAES;MG;06/2016;5.034;0;1.961;0;0;0;6.995;-2.760;-10;0;0;-275;-3.045;3.951;795;1.116;-2.285;-2.224;-66;0;114;-158;-2.707;1.243;8;1.251;-93;0;1.158;0
COOPERATIVA DE CRÉDITO DE LIVRE ADMISSÃO DO CENTRO OESTE MINEIRO LTDA.   SICOOB UNIÃO CENTRO OESTE;26072728;;;;b3S;2;9;ARCOS;MG;06/2016;4.981;0;1.980;0;0;0;6.961;-2.145;-294;0;0;-1.015;-3.454;3.506;618;602;-1.769;-1.556;-48;0;336;-379;-2.196;1.311;1;1.312;-104;-25;1.183;0
COOPERATIVA DE CRÉDITO DE LIVRE ADMISSÃO DA REGIÃO DE ALPINÓPOLIS LTDA. - SICOOB CREDIALP;25353939;;;;b3S;2;9;ALPINOPOLIS;MG;06/2016;5.051;0;1.903;0;0;0;6.954;-1.655;-1.126;0;0;-764;-3.545;3.408;819;543;-2.080;-1.284;-27;0;1.535;-383;-876;2.532;10;2.542;-62;-6;2.475;0
COOPERATIVA DE CRÉDITO DOS INTEGRANTES DO PODER JUDICIÁRIO E DAS INSTITUIÇÕES JURÍDICAS DA UNIÃO EM MINAS GERAIS LTDA.   SICOOB COOPJUS;25363615;;;;b3S;2;9;BELO HORIZONTE;MG;06/2016;4.920;0;2.032;0;0;0;6.952;-3.007;0;0;0;124;-2.883;4.069;54;0;-1.216;-1.294;-14;0;227;-290;-2.533;1.536;31;1.567;-19;0;1.548;0
SOFISA S.A. CRÉDITO, FINANCIAMENTO E INVESTIMENTO;8257293;SOFISA;31873;80271;n1;2;14;SAO PAULO;SP;06/2016;51;0;6.877;0;0;0;6.928;0;0;0;0;2;2;6.929;0;0;0;-288;-348;0;565;-427;-499;6.431;0;6.431;-2.890;0;3.541;0
H H PICCHIONI S/A CORRETORA DE CAMBIO E VALORES MOBILIARIOS;17312083;H.H.PICCHIONI;30829;80226;n2;2;15;BELO HORIZONTE;MG;06/2016;32;0;2.885;0;3.993;0;6.909;0;0;0;0;67;67;6.976;432;454;-5.258;-7.487;-2.990;-134;55.721;-70;40.669;47.645;1.877;49.522;-22.786;0;26.736;-1.288
VALOR - SOCIEDADE DE CRÉDITO AO MICROEMPREENDEDOR E À EMPRESA DE PEQUENO PORTE LTDA.;7799277;;;83223;n1;2;10;SAO PAULO;SP;06/2016;6.647;0;178;0;0;0;6.824;0;0;0;0;-1.979;-1.979;4.845;0;0;-82;-1.728;-306;0;3;-93;-2.207;2.638;0;2.638;-853;0;1.786;-240
COOPERATIVA DE CRÉDITO MÚTUO DOS EMPREGADOS DA MAXION - CREDMAXION;58290800;;;;b3S;2;9;CRUZEIRO;SP;06/2016;5.990;0;793;0;0;0;6.783;0;0;0;0;-149;-149;6.634;1;0;-431;-314;-3;0;0;0;-747;5.887;1;5.886;0;-57;5.829;-3.456
COOPERATIVA DE CRÉDITO RURAL COM INTERAÇÃO SOLIDÁRIA DE ÁGUAS MORNAS - CRESOL ÁGUAS MORNAS;7512780;;;;b3S;2;9;AGUAS MORNAS;SC;06/2016;4.404;0;2.324;0;0;0;6.728;-2.710;-573;0;0;-1.442;-4.725;2.003;282;455;-1.247;-947;1;0;132;-348;-1.673;330;-14;316;-6;-49;261;-147
COOPERATIVA DE ECONOMIA E CRÉDITO MÚTUO DOS SERV. MUNICIPAIS DE SÃO PAULO E MAUÁ, SERV. PÚBLICOS, EMPRESÁRIOS E PROF. LIBERAIS DA REGIÃO METROP. OESTE DA CAPITAL DE SÃO PAULO   SICOOB COOPERCREDI-SP;915950;;;;b3S;2;9;SAO PAULO;SP;06/2016;6.108;0;589;0;0;0;6.697;-296;0;0;0;-681;-977;5.720;53;54;-1.978;-1.162;-11;0;232;-148;-2.960;2.760;4;2.764;-9;-42;2.713;0
GAZINCRED S.A. SOCIEDADE DE CRÉDITO, FINANCIAMENTO E INVESTIMENTO;11760553;;;80824;n1;2;14;DOURADINA;PR;06/2016;6.170;0;489;0;0;0;6.660;-1.141;0;0;0;-424;-1.565;5.094;77;0;-455;-1.044;-257;0;0;-45;-1.724;3.370;0;3.370;-1.933;0;1.437;0
COOPERATIVA DE CRÉDITO DOS EMPREGADOS DO GRUPO VALLOUREC NO BRASIL - COOVALL LTDA.;64293582;;;;b3S;2;9;BELO HORIZONTE;MG;06/2016;6.191;0;465;0;0;0;6.657;0;0;0;0;-69;-69;6.587;0;0;-668;-561;0;0;279;0;-950;5.637;0;5.637;-12;0;5.625;-4.832
COOPERATIVA DE CRÉDITO DOS EMPREGADOS DO SISTEMA FIESC - CREDIFIESC;2405189;;;;b3S;2;9;FLORIANOPOLIS;SC;06/2016;4.059;0;2.591;0;0;0;6.650;-2.871;-8;0;0;-531;-3.411;3.239;596;243;-1.107;-1.237;-5;0;52;-345;-1.802;1.436;-3;1.434;0;-72;1.361;0
COOPERATIVA DE ECONOMIA E CRÉDITO MÚTUO DOS ADVOGADOS DE GOIÁS LTDA - SICOOB CREDIJUR;2480577;;;;b3S;2;9;GOIANIA;GO;06/2016;4.549;0;2.096;0;0;0;6.646;-1.749;-2;0;0;-640;-2.392;4.254;233;180;-1.345;-1.556;-11;0;600;-129;-2.028;2.226;5;2.230;-20;0;2.210;0
COOPERATIVA DE ECONOMIA E CRÉDITO MÚTUO DOS MAGISTRADOS DE SÃO PAULO - MAGISCRED;51489318;;;;b3S;2;9;SAO PAULO;SP;06/2016;3.613;0;2.998;0;0;0;6.611;-3.546;0;0;0;-271;-3.817;2.794;15;3;-1.263;-1.388;-9;0;129;-1;-2.515;279;0;279;-59;-143;78;0
COOPERATIVA DE CREDITO DE LIVRE ADMISSAO DE RUBIATABA E REGIAO LTDA;73422792;;;;b3S;2;9;RUBIATABA;GO;06/2016;4.303;0;2.256;0;0;0;6.558;-1.971;-191;0;0;-663;-2.824;3.734;205;266;-1.574;-1.619;-10;0;431;-141;-2.442;1.292;9;1.301;-22;0;1.280;0
COOPERATIVA DE CRÉDITO DE LIVRE ADMISSÃO DE PARAOPEBA LTDA. - SICOOB CREDIPARAOPEBA;22749014;;;;b3S;2;9;PARAOPEBA;MG;06/2016;3.390;0;3.155;0;0;0;6.545;-2.564;-160;0;0;-496;-3.220;3.325;578;615;-1.494;-1.246;-34;0;411;-170;-1.342;1.983;-27;1.956;-85;-72;1.799;-531
COOPERATIVA DE CRÉDITO DE LIVRE ADMISSÃO DE LUZ LTDA.   SICOOB CREDILUZ;25536764;;;;b3S;2;9;LUZ;MG;06/2016;5.568;0;918;0;0;0;6.486;-1.951;-419;0;0;-337;-2.707;3.779;451;461;-1.550;-1.250;-46;0;345;-293;-1.882;1.897;-11;1.885;-71;0;1.815;0
COOPERATIVA DE CRÉDITO RURAL COM INTERAÇÃO SOLIDÁRIA DO PLANALTO SERRA DO RIO GRANDE DO SUL - CRESOL  PLANALTO SERRA;5863726;;;;b3S;2;9;SANANDUVA;RS;06/2016;4.671;0;1.763;0;0;0;6.435;-2.362;-608;0;0;-925;-3.895;2.539;457;122;-1.256;-1.192;0;0;1;-511;-2.378;161;45;206;0;0;206;0
WESTERN ASSET MANAGEMENT COMPANY DISTRIBUIDORA DE TÍTULOS E VALORES MOBILIÁRIOS LIMITADA;7437241;;;83900;n2;3;16;SAO PAULO;SP;06/2016;0;0;6.347;85;0;0;6.432;0;0;0;0;0;0;6.432;27.673;9.245;-21.754;-11.190;-2.512;0;0;-49;1.413;7.845;322;8.167;-3.781;0;4.385;0
COOPERATIVA DE CRÉDITO DO VALE DO ITAJAÍ E VALE DO ITAPOCÚ - SICOOB MULTICREDI;2883398;;;;b3S;2;9;BLUMENAU;SC;06/2016;4.668;0;1.759;0;0;0;6.427;-1.962;-3;0;0;-1.292;-3.258;3.170;366;413;-1.765;-1.576;-20;0;191;-160;-2.551;618;-7;611;-21;0;590;0
ATRIA S.A.- CRÉDITO, FINANCIAMENTO E INVESTIMENTO;5956581;;;83508;n1;2;14;ARAUCARIA;PR;06/2016;5.774;0;610;0;0;0;6.384;-987;0;0;0;-3.167;-4.154;2.229;0;34;-32;-1.210;-246;0;209;-643;-1.888;341;0;341;0;0;341;0
BANCO INBURSA DE INVESTIMENTOS S.A.;4866275;;;81335;b2;3;13;SAO PAULO;SP;06/2016;1.777;0;4.595;0;0;0;6.371;0;0;0;0;-181;-181;6.190;0;0;-6.160;-3.368;-316;0;222;0;-9.622;-3.431;196;-3.235;0;0;-3.235;0
COOPERATIVA DE CRÉDITO DE LIVRE ADMISSÃO CENTRO OESTE GOIANO LTDA.;7502031;;;;b3S;2;9;GOIANESIA;GO;06/2016;5.408;0;904;0;0;0;6.312;-950;-416;0;0;-1.163;-2.529;3.783;219;322;-1.409;-1.320;-12;0;163;-173;-2.209;1.575;-5;1.569;-47;0;1.523;0
COOPERATIVA DE CRÉDITO DE LIVRE ADMISSÃO MÉDIO OESTE - SICOOB MÉDIO OESTE;7318874;;;;b3S;2;9;ASSIS CHATEAUBRIAND;PR;06/2016;5.711;0;564;0;0;0;6.275;-1.962;-550;0;0;-918;-3.431;2.845;459;465;-1.427;-1.609;-21;0;207;-268;-2.193;651;-96;555;-43;0;512;-126
BRX CORRETORA DE CÂMBIO LTDA.;17904906;;;82413;n2;2;21;RIO DE JANEIRO;RJ;06/2016;0;0;0;0;6.255;0;6.255;0;0;0;0;0;0;6.255;204;0;-594;-5.597;-344;0;61;-49;-6.320;-65;10;-55;0;0;-55;0
COOPERATIVA DE CRÉDITO DE LIVRE ADMISSÃO DE ASSOCIADOS URUBICI - SICOOB-CREDIARAUCÁRIA/SC;2587492;;;;b3S;2;9;URUBICI;SC;06/2016;4.141;0;2.087;0;0;0;6.228;-2.405;-379;0;0;-898;-3.681;2.547;352;591;-1.340;-1.348;-18;0;139;-144;-1.768;778;-12;767;-41;0;725;0
COOPERATIVA DE ECONOMIA E CRÉDITO MÚTUO DOS MÉDICOS E DEMAIS PROFISSIONAIS DA ÁREA DE SAÚDE DE NÍVEL SUPERIOR DE JUIZ DE FORA LTDA. - UNICRED JUIZ DE FORA;71479653;;;;b3S;2;9;JUIZ DE FORA;MG;06/2016;4.280;0;1.895;0;0;0;6.176;-2.676;0;0;0;-409;-3.086;3.090;285;52;-1.174;-1.605;-14;0;2;-6;-2.460;630;-16;613;1;0;612;0
SPINELLI S.A. CORRETORA DE VALORES MOBILIARIOS E CAMBIO;61739629;;;82853;n2;2;15;SAO PAULO;SP;06/2016;68;0;6.100;-2;0;0;6.166;0;-18;0;0;291;273;6.438;3.238;1.976;-4.868;-6.129;-799;0;1.160;-1.874;-7.296;-858;0;-858;0;0;-858;0
COOPERATIVA DE CRÉDITO MÚTUO DOS PROFISSIONAIS DA ÁREA DA SAÚDE DA GRANDE SÃO PAULO - SICREDI GRANDE SÃO PAULO SP;4306351;;;;b3S;2;9;SAO PAULO;SP;06/2016;5.110;0;1.029;0;0;0;6.140;-1.716;-50;0;0;-1.979;-3.745;2.394;538;281;-2.257;-832;-46;0;88;-818;-3.047;-652;-237;-889;-37;0;-926;0
COOPERATIVA DE CRÉDITO DE LIVRE ADMISSÃO DO ALTO E MÉDIO SÃO FRANCISCO LTDA - SICOOB SÃO FRANCISCO.;912488;;;;b3S;2;9;MORADA NOVA DE MINAS;MG;06/2016;5.432;0;680;0;0;0;6.113;-1.516;-1.069;0;0;-6.487;-9.072;-2.959;333;531;-2.352;-1.851;-58;0;99;-427;-3.726;-6.685;-29;-6.714;-9;0;-6.723;0
BNY MELLON BANCO S.A.;42272526;BNY MELLON;51808;80910;b1;3;2;RIO DE JANEIRO;RJ;06/2016;0;0;6.103;0;0;0;6.103;-215;0;0;0;-5;-220;5.882;10.795;875;-17.040;-3.770;-1.277;0;1.973;-615;-9.061;-3.178;0;-3.178;192;0;-2.987;0
COOPERATIVA DE ECONOMIA E CRÉDITO MÚTUO DOS SERVIDORES PÚBLICOS NOS ESTADOS DE ALAGOAS, SERGIPE, BAHIA E EMPRESÁRIOS DA REGIÃO METROPOLITANA DO AGRESTE ALAGOANO - SICOOB LESTE;2493000;;;;b3S;2;9;MACEIO;AL;06/2016;5.648;0;413;0;0;0;6.062;-998;-41;0;0;-1.008;-2.046;4.015;204;590;-1.815;-1.917;-74;0;321;-134;-2.824;1.191;-43;1.149;-3;0;1.146;0
COOPERATIVA DE CRÉDITO DE LIVRE ADMISSÃO DE PEDRO LEOPOLDO LTDA - SICOOB CREDIPEL;71441406;;;;b3S;2;9;PEDRO LEOPOLDO;MG;06/2016;4.429;0;1.601;0;0;0;6.030;-1.897;-122;0;0;-210;-2.229;3.801;350;419;-1.412;-1.297;-24;0;422;-279;-1.821;1.980;-14;1.966;-38;-64;1.864;0
COOPERATIVA DE CRÉDITO RURAL DOS PRODUTORES AGRÍCOLAS E PECUÁRIOS DA MÉDIA SOROCABANA - CREDICANA;44373041;;;;b3S;2;9;ASSIS;SP;06/2016;2.132;0;3.873;0;0;0;6.005;-3.771;-219;0;0;-480;-4.470;1.536;10;34;-571;-453;-5;0;68;0;-918;618;9;626;-151;0;476;0
COOPERATIVA DE CREDITO DE LIVRE ADMISSAO DE PITANGUI E REGIAO LTDA. - SICOOB CREDPIT;4181542;;;;b3S;2;9;PITANGUI;MG;06/2016;4.914;0;1.091;0;0;0;6.005;-1.896;-341;0;0;-257;-2.494;3.511;551;425;-2.037;-1.380;-19;0;239;-113;-2.334;1.177;-18;1.159;-59;0;1.100;0
COOPERATIVA DE CRÉDITO DOS EMPRESÁRIOS DE GOIÂNIA LTDA.;4406371;;;;b3S;2;9;GOIANIA;GO;06/2016;5.047;0;939;0;0;0;5.986;-1.241;0;0;0;-3.724;-4.964;1.021;391;828;-1.714;-1.825;-9;0;191;-196;-2.333;-1.312;0;-1.312;-29;0;-1.341;0
ABC BRASIL DISTRIBUIDORA DE TÍTULOS E VALORES MOBILIÁRIOS S.A.;33817677;ABC-BRASIL;41856;80312;n2;3;16;SAO PAULO;SP;06/2016;0;0;5.533;425;0;0;5.958;0;0;0;0;0;0;5.958;0;0;0;-358;-253;0;0;0;-611;5.348;0;5.348;-2.395;0;2.953;0
COOPERATIVA DE CRÉDITO HORIZONTE - SICOOB HORIZONTE;7194313;;;;b3S;2;9;ARAPONGAS;PR;06/2016;4.013;0;1.907;0;0;0;5.920;-1.760;0;0;0;-899;-2.659;3.260;641;720;-1.456;-1.965;-19;0;147;-241;-2.174;1.087;2;1.089;-40;0;1.049;-428
COOPERATIVA DE CRÉDITO RURAL DE IRAÍ DE MINAS LTDA -SICOOB CREDIMIL;71207740;;;;b3S;2;9;IRAI DE MINAS;MG;06/2016;2.341;0;3.577;0;0;0;5.918;-2.385;-916;0;0;44;-3.257;2.661;80;7;-509;-425;-10;0;553;-27;-330;2.331;1;2.331;-15;0;2.316;-522
GUIDE INVESTIMENTOS S.A. CORRETORA DE VALORES;65913436;INDUSVAL;50531;80415;n2;2;15;SAO PAULO;SP;06/2016;0;0;5.880;-3;0;0;5.876;-99;0;0;0;-300;-399;5.477;20.083;8.065;-13.084;-17.137;-2.970;228;691;-1.013;-5.137;340;-3;337;1.783;-4.993;-2.872;0
COOPERATIVA DE CRÉDITO DE LIVRE ADMISSÃO DE ASSOCIADOS DE PORTO VELHO E REGIÃO NORTE DE RONDÔNIA LTDA.;1664968;;;;b3S;2;9;PORTO VELHO;RO;06/2016;3.654;0;2.196;0;0;0;5.851;-2.277;0;0;0;-1.417;-3.694;2.156;409;209;-1.241;-1.328;-18;0;39;-125;-2.054;102;-6;96;-41;0;55;0
UNICRED COSTA DO SOL RJ - COOPERATIVA DE ECONOMIA E CRÉDITO MÚTUO DOS PROFISSIONAIS DE SAÚDE DA COSTA DO SOL LTDA.;39231527;;;;b3S;2;9;MACAE;RJ;06/2016;4.489;0;1.341;0;0;0;5.830;-1.828;0;0;0;-505;-2.333;3.497;197;147;-1.490;-1.902;-10;0;110;-136;-3.085;412;2;415;0;0;415;0
COOPERATIVA DE CRÉDITO DE LIVRE ADMISSÃO DO OESTE MARANHENSE - SICOOB OESTE MARANHENSE;9424988;;;;b3S;2;9;ACAILANDIA;MA;06/2016;5.479;0;345;0;0;0;5.824;-840;0;0;0;-2.315;-3.155;2.669;284;514;-1.510;-1.590;-16;0;141;-321;-2.498;172;7;179;-13;0;165;-220
COOPERATIVA DE ECONOMIA E CRÉDITO MÚTUO DOS INTEGRANTES DO  MINISTÉRIO PÚBLICO E DO PODER JUDICIÁRIO DO ESTADO DO PARÁ LTDA - COIMPPA;84156470;;;;b3S;2;9;BELEM;PA;06/2016;5.251;0;545;0;0;0;5.796;-837;0;0;0;-587;-1.424;4.372;184;21;-1.451;-742;-16;0;78;-250;-2.178;2.194;0;2.194;-30;0;2.164;0
COOPERATIVA DE CRÉDITO DE LIVRE ADMISSÃO DA REGIÃO DE CAMPO BELO LTDA.   SICOOB CREDIBELO;71237184;;;;b3S;2;9;CAMPO BELO;MG;06/2016;4.556;0;1.231;0;0;0;5.787;-1.610;-660;0;0;-656;-2.926;2.861;417;632;-1.653;-1.296;-23;0;173;-191;-1.940;921;-21;899;-57;-44;798;0
BANCO INTERCAP S.A.;58497702;INDUSVAL;50531;80415;b1;2;8;SAO PAULO;SP;06/2016;5.169;0;671;-64;0;0;5.777;-4.247;-19;0;0;702;-3.564;2.213;0;0;0;-890;-192;610;1.759;-4.949;-3.663;-1.450;-828;-2.279;1.053;0;-1.225;0
COOPERATIVA DE CRÉDITO DE LIVRE ADMISSÃO DE MARECHAL CÂNDIDO RONDON E REGIÃO - SICOOB MARECHAL;7097064;;;;b3S;2;9;MARECHAL CANDIDO RONDON;PR;06/2016;4.516;0;1.238;0;0;0;5.754;-1.929;-220;0;0;-1.061;-3.210;2.544;462;544;-1.340;-1.867;-12;0;214;-346;-2.346;198;1;199;-22;0;177;0
COOPERATIVA DE CRÉDITO DE LIVRE ADMISSÃO DE ASSOCIADOS DO MÉDIO SUL BAIANO LTDA. - SICOOB COSTA DO DESCOBRIMENTO;1205736;;;;b3S;2;9;ITAMARAJU;BA;06/2016;4.684;0;1.069;0;0;0;5.753;-913;-165;0;0;-667;-1.746;4.007;426;761;-1.958;-2.076;-33;0;275;-189;-2.796;1.211;-5;1.207;-16;0;1.190;0
COOPERATIVA DE CREDITO RURAL COM INTERAÇÃO SOLIDÁRIA DE TENENTE PORTELA - CRESOL TENENTE PORTELA;4622657;;;;b3S;2;9;TENENTE PORTELA;RS;06/2016;4.784;0;951;0;0;0;5.735;-1.851;-499;0;0;-841;-3.191;2.544;719;55;-1.248;-1.338;0;0;262;-610;-2.160;384;-84;300;0;0;300;0
CAROL DISTRIBUIDORA DE TITULOS E VALORES MOBILIARIOS LTDA.;62237649;;;84095;n2;2;16;SAO PAULO;SP;06/2016;0;0;4.904;0;811;0;5.715;0;0;0;0;0;0;5.715;0;0;-862;-3.860;-267;0;21;0;-4.968;748;0;748;-326;0;422;0
CREDIT SUISSE (BRASIL) DISTRIBUIDORA DE TÍTULOS E VALORES MOBILIÁRIOS S.A.;30121792;CREDIT SUISSE;30771;80219;n2;3;16;SAO PAULO;SP;06/2016;0;0;6.073;-393;0;0;5.679;0;0;0;0;0;0;5.679;2.332;0;-6.607;-966;-475;0;8.850;-84;3.050;8.729;0;8.729;-2.701;0;6.028;0
COOPERATIVA DE ECONOMIA E CREDITO MUTUO DOS SERVIDORES DO PODER JUDICIARIO DO ESTADO DE MATO GROSSO - SICOOB CREDIJUD;3326437;;;;b3S;2;9;CUIABA;MT;06/2016;5.306;0;333;0;0;0;5.639;-708;-567;0;0;-893;-2.168;3.471;337;209;-2.209;-1.822;-33;0;656;-197;-3.058;413;5;418;-36;0;382;0
COOPERATIVA DE CRÉDITO DE LIVRE ADMISSÃO DE CAMPINA VERDE LTDA. - SICOOB CREDICAMPINA;1609345;;;;b3S;2;9;CAMPINA VERDE;MG;06/2016;4.366;0;1.257;0;0;0;5.623;-1.262;-583;0;0;-1.055;-2.900;2.723;165;270;-1.185;-807;-15;0;280;-479;-1.770;953;-3;951;-25;-33;892;0
COOPERATIVA DE CRÉDITO VALE DO CANOAS - SICOOB/SC CREDICANOAS;707903;;;;b3S;2;9;ABDON BATISTA;SC;06/2016;4.332;0;1.223;0;0;0;5.555;-2.134;-193;0;0;-167;-2.494;3.061;100;184;-1.222;-1.111;-10;8;25;-117;-2.145;917;-142;774;-8;0;767;0
COOPERATIVA DE ECONOMIA E CRÉDITO MÚTUO DOS PROFISSIONAIS DA ÁREA NOTARIAL E REGISTRAL - COOPNORE;7714057;;;;b3S;2;9;PORTO ALEGRE;RS;06/2016;3.038;0;2.500;0;0;0;5.538;-2.368;0;0;0;-440;-2.807;2.731;1.241;0;-1.612;-2.891;1;0;18;-199;-3.445;-714;5;-709;-2;0;-711;0
COOPERATIVA DE ECONOMIA E CRÉDITO MÚTUO DOS TRABALHADORES DO GRUPO SÃO MARTINHO   USICRED;2562412;;;;b3S;2;9;PRADOPOLIS;SP;06/2016;4.130;0;1.405;0;0;0;5.535;-48;0;0;0;4;-43;5.492;0;0;-370;-266;-2;0;124;0;-514;4.978;0;4.978;0;-2;4.976;0
COOPERATIVA DE CRÉDITO DE LIVRE ADMISSÃO DE VAZANTE LTDA. - SICOOB CREDIVAZ;803287;;;;b3S;2;9;VAZANTE;MG;06/2016;4.199;0;1.289;0;0;0;5.488;-1.451;-361;0;0;-448;-2.260;3.228;309;356;-1.363;-1.171;-33;0;289;-182;-1.795;1.432;12;1.444;-55;-76;1.313;0
CREDITÁ S/A CRÉDITO, FINANCIAMENTO E INVESTIMENTO;12599971;;;83687;n1;2;14;PORTO ALEGRE;RS;06/2016;4.977;0;507;0;0;0;5.484;-1.438;0;0;0;-1.319;-2.757;2.727;5;39;-912;-880;-245;0;6;-13;-2.000;727;-108;620;-268;0;352;0
COOPERATIVA DE ECONOMIA E CRÉDITO MÚTUO DOS MÉDICOS, DEMAIS PROFISSIONAIS DA SAÚDE E EMPRESÁRIOS DE CRUZ ALTA LTDA.;73326449;;;;b3S;2;9;CRUZ ALTA;RS;06/2016;4.819;0;658;0;0;0;5.478;-1.895;0;0;0;-233;-2.128;3.349;197;87;-1.049;-1.392;-2;0;4;-20;-2.176;1.173;0;1.173;0;0;1.173;0
UNILETRA CORRETORA DE CÂMBIO, TÍTULOS E VALORES MOBILIÁRIOS S.A.;28156214;DACASA FINANCEIRA;51891;81005;n2;2;15;VITORIA;ES;06/2016;0;0;5.466;0;0;0;5.466;0;0;0;0;1;1;5.465;1.261;0;-1.477;-4.823;-337;0;0;-59;-5.435;30;2;32;-26;0;6;0
COOPERATIVA DE CREDITO RURAL COM INTERACAO SOLIDARIA DE CRUZ MACHADO - CRESOL CRUZ MACHADO;5277312;;;;b3S;2;9;CRUZ MACHADO;PR;06/2016;4.867;0;575;0;0;0;5.442;-752;-1.011;0;0;-1.535;-3.298;2.144;353;307;-990;-1.155;-1;0;99;-543;-1.929;215;1;214;-11;-35;167;0
COOP. DE ECON. E CRÉD. MÚTUO DOS SERV. ESTATUTÁRIOS CIVIS DO PODER EXECUTIVO ESTADUAL E DO PODER JUDICIÁRIO, MINISTÉRIO PÚBLICO E DEFENSORIA PÚBLICA NO ESTADO DA BAHIA LTDA.   SICOOB CRED EXECUTIVO;4321309;;;;b3S;2;9;SALVADOR;BA;06/2016;4.534;0;870;0;0;0;5.404;-2.064;-171;0;0;-1.015;-3.249;2.154;99;43;-1.260;-917;-9;0;215;-70;-1.897;257;3;260;-6;0;254;-131
COOPERATIVA DE ECONOMIA E CRÉDITO MÚTUO DOS MÉDICOS E DEMAIS PROFISSIONAIS DE NÍVEL SUPERIOR DA SAÚDE DE SETE LAGOAS LTDA.;71163315;;;;b3S;2;9;SETE LAGOAS;MG;06/2016;3.782;0;1.615;0;0;0;5.398;-2.449;0;0;0;-35;-2.483;2.914;496;87;-948;-1.322;-9;0;10;-10;-1.695;1.219;16;1.235;0;0;1.235;0
COOPERATIVA DE ECONOMIA E CRÉDITO MÚTUO DOS SERVIDORES DO PODER JUDICIÁRIO, MINISTÉRIO PÚBLICO E ENSINO SUPERIOR - SICOOB JUDICIÁRIO;37076205;;;;b3S;2;9;BRASILIA;DF;06/2016;4.569;0;811;0;0;0;5.380;-1.756;-423;0;0;-321;-2.500;2.880;125;213;-1.718;-1.115;-14;245;24;-32;-2.271;609;32;641;-14;0;627;0
COOPERATIVA DE CREDITO RURAL COM INTERACAO SOLIDARIA DE FRANCISCO BELTRAO - CRESOL FRANCISCO BELTRAO;2698001;;;;b3S;2;9;FRANCISCO BELTRAO;PR;06/2016;3.961;0;1.401;0;0;0;5.362;-938;-1.039;0;0;-1.348;-3.325;2.037;606;180;-721;-503;-2;0;154;-410;-696;1.341;-18;1.323;-6;-22;1.294;-206
COOPERATIVA DE ECONOMIA E CRÉDITO MÚTUO DOS MÉDICOS E DEMAIS PROFISSIONAIS DA SAÚDE DA REGIÃO CENTRO PAULISTA - UNICRED CENTRO PAULISTA;71988653;;;;b3S;2;9;SAO CARLOS;SP;06/2016;3.106;0;2.233;0;0;0;5.339;-2.717;0;0;0;-128;-2.845;2.494;427;81;-1.215;-1.731;0;0;27;-68;-2.481;13;0;13;0;0;13;0
COOPERATIVA DE CRÉDITO RURAL CAZOLA - SICOOB CREDICAZOLA;315406;;;;b3S;2;9;LUCELIA;SP;06/2016;4.568;0;768;0;0;0;5.336;-2.715;-48;0;0;-1.355;-4.117;1.219;106;211;-1.053;-1.139;-9;0;90;-308;-2.102;-883;28;-855;-18;0;-874;0
COOPERATIVA DE CRÉDITO DE LIVRE ADMISSÃO DE ASSOCIADOS DO PLANALTO SERRANO - SICOOB CREDISERRA SC;1692448;;;;b3S;2;9;URUPEMA;SC;06/2016;4.181;0;1.152;0;0;0;5.332;-1.781;-554;0;0;-1.002;-3.337;1.995;186;226;-872;-965;-9;1;33;-82;-1.483;513;-27;486;-15;0;471;0
COOPERATIVA DE CRÉDITO DE LIVRE ADMISSÃO DO CENTRO LESTE MARANHENSE   SICOOB CENTRO LESTE MARANHENSE;9403026;;;;b3S;2;9;GRAJAU;MA;06/2016;4.985;0;321;0;0;0;5.307;-642;-173;0;0;-457;-1.272;4.034;234;532;-1.125;-1.205;-12;0;34;-412;-1.954;2.080;0;2.080;-9;0;2.071;-950
COOPERATIVA DE CRÉDITO DE LIVRE ADMISSÃO DAS REGIÕES NORTE, NOROESTE E LESTE FLUMINENSE - SICOOB CRED RIO NORTE;2931668;;;;b3S;2;9;CAMPOS DOS GOYTACAZES;RJ;06/2016;4.214;0;1.077;0;0;0;5.292;-1.438;-35;0;0;-693;-2.166;3.126;1.221;338;-2.032;-2.175;-20;0;249;-151;-2.570;556;1;556;-12;0;545;-160
COOPERATIVA DE ECONOMIA E CRÉDITO MÚTUO DOS EMPREGADOS DO BANRISUL;92935741;;;;b3S;2;9;PORTO ALEGRE;RS;06/2016;4.168;0;1.109;0;0;0;5.277;-1.809;0;0;0;-131;-1.941;3.337;491;0;-1.399;-1.201;-72;0;0;-29;-2.209;1.127;11;1.138;-24;0;1.114;-600
COOPERATIVA DE ECONOMIA E CRÉDITO MÚTUO DOS MÉDICOS, SERVIDORES PÚBLICOS E PROFISSIONAIS DA ÁREA DE SAÚDE DA BAHIA LTDA. - UNICRED DA BAHIA;2602922;;;;b3S;2;9;FEIRA DE SANTANA;BA;06/2016;3.535;0;1.733;0;0;0;5.268;-1.614;0;0;0;-290;-1.904;3.364;410;160;-1.711;-2.037;-11;0;11;-38;-3.215;149;8;157;0;0;157;0
BANRISUL S/A - CORRETORA DE VALORES MOBILIARIOS E CAMBIO;93026847;BANRISUL;30173;80154;n2;1;15;PORTO ALEGRE;RS;06/2016;0;0;5.267;0;0;0;5.267;0;0;0;0;0;0;5.267;1.691;0;-609;-3.742;-421;0;0;-74;-3.156;2.111;86;2.197;-1.145;0;1.052;0
COOPERATIVA DE CRÉDITO DOS MAGISTRADOS, SERVIDORES DA JUSTIÇA DO ESTADO DE GOIÁS E EMPREGADOS DA CELG LTDA.;9552111;;;;b3S;2;9;GOIANIA;GO;06/2016;4.351;0;915;0;0;0;5.266;-1.343;-162;0;0;-1.053;-2.558;2.707;101;122;-1.329;-601;-3;0;224;-125;-1.611;1.096;-5;1.092;0;0;1.092;-157
MICROINVEST S.A. SOCIEDADE DE CRÉDITO A MICROEMPREENDEDOR;5076239;ITAU;10069;80099;n1;2;10;SAO PAULO;SP;06/2016;4.602;0;660;0;0;0;5.262;-137;0;0;0;-2.574;-2.710;2.552;6;0;-5.022;-1.565;-240;0;545;-204;-6.479;-3.926;1;-3.927;0;-414;-4.341;0
FATOR S.A. - CORRETORA DE VALORES;63062749;FATOR;50122;80350;n2;2;15;SAO PAULO;SP;06/2016;0;0;5.055;177;0;0;5.231;1;0;0;0;0;1;5.230;6.939;0;-7.893;-9.303;-910;0;650;-286;-10.801;-5.571;-244;-5.815;0;-637;-6.452;0
COOPERATIVA DE CRÉDITO RURAL COM INTERAÇÃO SOLIDÁRIA DE BOTUVERÁ - CRESOL BOTUVERÁ;8297831;;;;b3S;2;9;BOTUVERA;SC;06/2016;2.583;0;2.587;0;0;0;5.171;-2.475;-288;0;0;-1.008;-3.770;1.401;111;317;-904;-744;1;0;88;-265;-1.398;2;-10;-8;-5;0;-14;0
COOPERATIVA DE CRÉDITO DE LIVRE ADMISSÃO DE GOIÂNIA E MICRORREGIÕES LTDA.;1720488;;;;b3S;2;9;GOIANIA;GO;06/2016;3.998;0;1.095;0;0;0;5.093;-1.001;-81;0;0;-1.200;-2.282;2.811;488;367;-1.335;-1.222;-5;0;78;-92;-1.721;1.090;-2;1.088;-14;0;1.074;0
COOPERATIVA DE CRÉDITO DE LIVRE ADMISSÃO DE CURVELO LTDA. - SICOOB CREDICENTRO;21682737;;;;b3S;2;9;CURVELO;MG;06/2016;3.742;0;1.319;0;0;0;5.061;-1.342;-258;0;0;-2.158;-3.759;1.302;574;709;-2.179;-1.407;-50;0;188;-375;-2.541;-1.239;-31;-1.270;-32;0;-1.302;0
SENFF S.A. - CRÉDITO, FINANCIAMENTO E INVESTIMENTO;11970623;;;83670;n1;2;14;CURITIBA;PR;06/2016;4.641;0;418;0;0;0;5.059;-1.896;0;0;0;-921;-2.817;2.242;0;0;-23;-390;-235;0;1;-12;-659;1.583;-4;1.579;-526;0;1.053;-400
COOPERATIVA DE CRÉDITO DE LIVRE ADMISSÃO DA REGIÃO DE SÃO SEBASTIÃO DO PARAÍSO LTDA. - SICOOB PARAÍSOCRED;1657678;;;;b3S;2;9;SAO SEBASTIAO DO PARAISO;MG;06/2016;3.146;0;1.899;0;0;0;5.044;-2.288;0;0;0;-255;-2.543;2.501;250;189;-1.021;-888;-21;0;147;-119;-1.462;1.039;-29;1.010;-10;0;999;0
LEVYCAM - CORRETORA DE CAMBIO E VALORES LTDA.;50579044;;;82592;n2;2;15;SAO PAULO;SP;06/2016;0;0;1;0;5.037;0;5.037;0;0;0;0;-7;-7;5.030;1.984;0;-2.330;-4.244;-428;0;19;-92;-5.091;-60;0;-60;0;0;-60;0
CM CAPITAL MARKETS CORRETORA DE CÂMBIO, TÍTULOS E VALORES MOBILIÁRIOS LTDA;2685483;CM CAPITAL MARKETS;51248;80549;n2;3;15;SAO PAULO;SP;06/2016;0;0;5.118;-91;0;0;5.027;0;0;0;0;0;0;5.027;17.390;466;-10.665;-10.298;-2.027;0;14;-14;-5.133;-106;-2;-107;0;-4.360;-4.467;0
CENTRAL DAS COOPERATIVAS DE CRÉDITO DO NORDESTE - SICOOB CENTRAL NE;70116611;;;;b3C;2;9;CABEDELO;PB;06/2016;1.214;0;3.789;0;0;0;5.003;-4.273;0;0;0;46;-4.227;776;3;0;-2.335;-1.391;-13;0;3.956;-491;-271;505;0;505;-2;0;503;-233
GOLDMAN SACHS DO BRASIL CORRETORA DE TÍTULOS E VALORES MOBILIÁRIOS S.A.;9605581;GOLDMAN SACHS;51585;80714;n2;3;15;SAO PAULO;SP;06/2016;0;0;13.571;-8.586;0;0;4.986;0;-4;0;0;0;-4;4.982;57.096;0;-43.636;-23.097;-4.934;0;10.474;-645;-4.742;240;0;240;708;0;948;0
COOPERATIVA DE CRÉDITO DE SERVIDORES PÚBLICOS E TRABALHADORES DA REDE DE ENSINO DA REGIÃO E COLAR METROPOLITANO DO VALE DO AÇO LTDA. - SICOOB COSMIPA;17361536;;;;b3S;2;9;IPATINGA;MG;06/2016;3.850;0;1.125;0;0;0;4.975;-954;0;0;0;-356;-1.310;3.665;489;17;-1.110;-894;-46;0;688;-398;-1.254;2.411;1;2.412;-92;0;2.321;0
COOPERATIVA DE ECONOMIA E CRÉDITO MÚTUO DA ÁREA DE INFORMÁTICA, VESTUÁRIO EM GERAL E PEQ EMPRESÁRIOS MICROEMPRESÁRIOS MICROEMPREENDEDORES REGIÃO METROPOLITANA RIO DE JANEIRO - SICOOB EMPRESAS RJ;4120633;;;;b3S;2;9;RIO DE JANEIRO;RJ;06/2016;2.805;0;2.155;0;0;0;4.960;-1.632;0;0;0;-368;-2.000;2.960;241;474;-1.412;-1.593;-16;0;220;-101;-2.186;774;1;776;-29;0;747;0
AGK CORRETORA DE CAMBIO S.A.;250699;;;82035;n2;2;21;SAO PAULO;SP;06/2016;0;0;0;0;4.938;0;4.938;0;0;0;0;0;0;4.938;3.019;0;-1.755;-5.346;-532;0;0;-184;-4.798;140;0;140;0;0;140;0
COOPERATIVA DE CRÉDITO DE LIVRE ADMISSÃO DE ASSOCIADOS DE GUARAMIRIM - CREVISC;10143743;;;;b3S;2;9;GUARAMIRIM;SC;06/2016;4.194;0;730;0;0;0;4.924;-958;-715;0;0;-678;-2.352;2.572;310;141;-876;-986;-3;0;3;-147;-1.559;1.013;-21;992;0;-57;935;0
COOPERATIVA DE CRÉDITO DE LIVRE ADMISSÃO DO OESTE POTIGUAR - UNICRED MOSSORÓ;70027388;;;;b3S;2;9;MOSSORO;RN;06/2016;3.185;0;1.726;0;0;0;4.911;-1.937;0;0;0;-2.372;-4.308;603;247;380;-1.443;-922;-6;6;86;-467;-2.119;-1.516;0;-1.517;0;0;-1.517;0
COOPERATIVA DE CRÉDITO DE LIVRE ADMISSÃO DE BOA ESPERANÇA LTDA. - SICOOB BELCREDI;869687;;;;b3S;2;9;BOA ESPERANCA;MG;06/2016;2.644;0;2.265;0;0;0;4.909;-2.085;-932;0;0;-57;-3.074;1.835;207;180;-893;-718;-14;0;877;-109;-471;1.364;1;1.365;-22;0;1.343;0
COOPERATIVA DE CREDITO RURAL COM INTERACAO SOLIDARIA DE DOIS VIZINHOS - CRESOL DOIS VIZINHOS;971300;;;;b3S;2;9;DOIS VIZINHOS;PR;06/2016;3.644;0;1.252;0;0;0;4.896;-1.019;-992;0;0;-820;-2.831;2.065;568;207;-743;-608;-1;0;155;-572;-993;1.071;19;1.090;-8;-24;1.058;-217
COOPERATIVA DE CRÉDITO DE LIVRE ADMISSÃO DE ASSOCIADOS DO SUDOESTE BAIANO LTDA - SICOOB CREDICONQUISTA;2282165;;;;b3S;2;9;VITORIA DA CONQUISTA;BA;06/2016;4.043;0;841;0;0;0;4.884;-688;-86;0;0;-1.116;-1.891;2.993;436;484;-1.658;-1.410;-17;0;266;-243;-2.143;851;-57;793;-1;0;792;0
COOPERATIVA DE CRÉDITO DE LIVRE ADMISSÃO DA CIDADE DE GOIÂNIA E ENTORNO LTDA.;97360804;;;;b3S;2;9;GOIANIA;GO;06/2016;3.999;0;851;0;0;0;4.850;-1.378;-37;0;0;-3.000;-4.414;436;270;267;-1.860;-1.352;-25;0;300;-164;-2.566;-2.130;-1;-2.131;-21;0;-2.151;0
COOPERATIVA DE CRÉDITO DOS EMPRESÁRIOS DA GRANDE DOURADOS - SICOOB DOURADOS;10319386;;;;b3S;2;9;DOURADOS;MS;06/2016;4.431;0;414;0;0;0;4.846;-1.200;-241;0;0;-1.343;-2.784;2.062;294;445;-876;-1.409;-10;0;174;-816;-2.198;-136;15;-121;-17;0;-138;0
COOPERATIVA DE CREDITO DO PLANALTO SUL - SICOOB CREDISSERRANA;3033469;;;;b3S;2;9;LAGES;SC;06/2016;3.851;0;981;0;0;0;4.833;-1.637;-317;0;0;-636;-2.590;2.243;355;736;-1.249;-1.707;-18;0;168;-202;-1.916;327;-5;322;-14;0;308;0
DIRECAO S.A. CREDITO, FINANCIAMENTO E INVESTIMENTO;58158387;;;83625;n1;2;14;SANTOS;SP;06/2016;2.202;0;2.624;0;0;0;4.826;0;0;0;0;-4.016;-4.016;810;0;0;-778;-808;-202;0;43;-6;-1.751;-940;0;-941;0;-41;-982;0
COOPERATIVA DE CRÉDITO DE LIVRE ADMISSÃO NORTE SUL DA BAHIA LTDA.   SICOOB NORTE SUL;2876918;;;;b3S;2;9;GANDU;BA;06/2016;4.206;0;618;0;0;0;4.824;-1.111;-197;0;0;-1.310;-2.618;2.206;444;1.123;-1.931;-1.824;-28;0;223;-464;-2.456;-250;-5;-256;-12;0;-268;0
COOPERATIVA DE CRÉDITO DE LIVRE ADMISSÃO DE BAMBUÍ LTDA. - SICOOB CREDIBAM;66259110;;;;b3S;2;9;BAMBUI;MG;06/2016;3.113;0;1.683;0;0;0;4.795;-1.416;-203;0;0;-1.512;-3.132;1.663;354;259;-1.428;-1.104;-28;0;426;-97;-1.618;45;-24;22;-38;-48;-64;0
UNICRED CAMPOS - COOPERATIVA DE ECONOMIA E CRÉDITO MÚTUO DOS MÉDICOS E DEMAIS PROFISSIONAIS DA SAÚDE DE CAMPOS LTDA.;4445917;;;;b3S;2;9;CAMPOS DOS GOYTACAZES;RJ;06/2016;3.660;0;1.117;0;0;0;4.777;-1.741;0;0;0;-339;-2.080;2.697;207;293;-1.201;-1.876;-22;0;56;-71;-2.614;83;203;286;-6;0;280;-93
COOPERATIVA DE ECONOMIA E CRÉDITO MÚTUO DOS SERVIDORES PÚBLICOS NO ESTADO DO ESPÍRITO SANTO - COOPJUD;1330295;;;;b3S;2;9;VITORIA;ES;06/2016;3.531;0;1.212;0;0;0;4.743;-992;0;0;0;-101;-1.092;3.651;180;0;-1.633;-1.176;-26;0;250;-36;-2.440;1.211;0;1.211;-19;0;1.192;0
COOPERATIVA DE CRÉDITO DE LIVRE ADMISSÃO DE ANÁPOLIS E REGIÃO LTDA;33615055;;;;b3S;2;9;ANAPOLIS;GO;06/2016;3.392;0;1.342;0;0;0;4.734;-1.221;-123;0;0;-274;-1.618;3.116;112;225;-1.515;-1.204;-8;0;166;-68;-2.293;823;-82;741;0;0;741;0
BANCO FICSA S.A.;61348538;;;81737;b1;2;8;SAO PAULO;SP;06/2016;2.294;0;2.573;-163;0;0;4.704;-6.385;0;0;0;-409;-6.794;-2.091;3;0;-1.663;-6.199;0;0;226;-2.747;-10.381;-12.471;-204;-12.675;13.014;0;339;0
BECKER FINANCEIRA S.A. - CRÉDITO, FINANCIAMENTO E INVESTIMENTO;20443996;;;84507;n1;2;14;CERRO LARGO;RS;06/2016;4.602;0;101;0;0;0;4.702;-782;0;0;0;-390;-1.172;3.530;0;178;-225;-842;-192;0;0;0;-1.079;2.451;0;2.451;-1.265;-1.214;-29;0
COOPERATIVA DE CRÉDITO DE LIVRE ADMISSÃO DE PALMEIRAS E REGIÃO LTDA.;37631058;;;;b3S;2;9;PALMEIRAS DE GOIAS;GO;06/2016;3.421;0;1.267;0;0;0;4.688;-670;-451;0;0;-289;-1.409;3.279;254;67;-696;-852;-3;0;294;-102;-1.038;2.240;13;2.254;0;0;2.254;-1.110
COOPERATIVA DE CRÉDITO DE LIVRE ADMISSÃO DE ESMERALDAS E REGIÃO LTDA - SICOOB CREDIESMERALDAS;68512748;;;;b3S;2;9;ESMERALDAS;MG;06/2016;3.830;0;844;0;0;0;4.674;-1.234;-72;0;0;-601;-1.908;2.766;405;739;-1.560;-1.740;-37;0;257;-220;-2.156;610;8;618;-39;0;579;0
CECRISACRED - COOPERATIVA DE CRÉDITO MÚTUO DOS EMPREGADOS DA INDÚSTRIA E COMÉRCIO DO RAMO DE MATERIAIS DE CONSTRUÇÃO DA REGIÃO DE CRICIÚMA.;3427097;;;;b3S;2;9;CRICIUMA;SC;06/2016;3.302;0;1.359;0;0;0;4.662;-1.851;0;0;0;-1.598;-3.450;1.212;304;174;-917;-933;-4;0;4;-173;-1.544;-331;-12;-343;0;0;-343;0
COOPERATIVA DE CRÉDITO DE LIVRE ADMISSÃO DO VALE DO RIO GRANDE LTDA. - SICOOB UBERABA;25683475;;;;b3S;2;9;UBERABA;MG;06/2016;3.248;0;1.402;0;0;0;4.650;-1.114;-250;0;0;-767;-2.131;2.519;455;531;-1.449;-1.024;-61;0;336;-185;-1.397;1.122;-3;1.118;-22;-55;1.041;-163
COOPERATIVA DE CRÉDITO DE LIVRE ADMISSÃO DE CARMO DO RIO CLARO LTDA - SICOOB CREDICARMO;25743311;;;;b3S;2;9;CARMO DO RIO CLARO;MG;06/2016;2.741;0;1.886;0;0;0;4.626;-1.536;-576;0;0;-114;-2.227;2.399;303;198;-922;-557;-28;0;760;-75;-321;2.078;0;2.078;-58;-28;1.992;0
S. HAYATA CORRETORA DE CÂMBIO S.A.;67391821;;;81971;n2;2;21;SAO PAULO;SP;06/2016;0;0;0;0;4.624;0;4.624;0;0;0;0;0;0;4.624;1.411;0;-1.138;-4.405;-369;0;0;-3;-4.504;120;0;120;-5;0;116;0
COOPERATIVA DE ECONOMIA E CRÉDITO MÚTUO DOS INTEGRANTES DAS CARREIRAS JURÍDICAS E DOS SERVENTUÁRIOS DE ÓRGÃOS DA JUSTIÇA E AFINS, NO ESTADO DE RONDÔNIA   SICOOB CREDJURD;4751713;;;;b3S;2;9;PORTO VELHO;RO;06/2016;3.726;0;886;0;0;0;4.612;-335;0;0;0;-136;-471;4.141;91;42;-738;-579;-11;0;90;-64;-1.170;2.971;0;2.971;-14;0;2.957;-676
COOPERATIVA DE ECONOMIA E CRÉDITO MÚTUO DOS INTEGRANTES DA BRIGADA MILITAR DO RIO GRANDE DO SUL - SICREDI MIL RS;3212823;;;;b3S;2;9;PORTO ALEGRE;RS;06/2016;3.319;0;1.289;0;0;0;4.608;-1.861;-41;0;0;-510;-2.412;2.196;316;32;-947;-566;-13;0;117;-707;-1.768;428;33;461;-32;0;429;0
COOPERATIVA DE CRÉDITO DE LIVRE ADMISSÃO DO CENTRO-OESTE DE MINAS LTDA - SICOOB CREDICARMOMINAS;71238232;;;;b3S;2;9;CARMOPOLIS DE MINAS;MG;06/2016;2.837;0;1.751;0;0;0;4.588;-1.593;-216;0;0;-131;-1.940;2.648;312;399;-1.038;-1.106;-22;0;178;-109;-1.386;1.262;-10;1.253;-25;-19;1.209;-187
MIRAE ASSET WEALTH MANAGEMENT (BRAZIL) CORRETORA DE CÂMBIO, TÍTULOS E VALORES MOBILIÁRIOS LTDA.;12392983;;;82932;n2;3;15;SAO PAULO;SP;06/2016;0;0;4.511;7;38;0;4.556;0;0;0;0;0;0;4.556;2.031;623;-2.853;-2.972;-575;0;58;-17;-3.704;852;0;852;-402;-12;438;0
CLEAR CORRETORA DE TÍTULOS E VALORES MOBILIÁRIOS S.A.;15107963;XP INVESTIMENTOS;51994;82475;n2;2;15;RIO DE JANEIRO;RJ;06/2016;63;0;4.328;156;0;0;4.548;0;0;0;0;-543;-543;4.004;4.284;12.680;-2.199;-6.044;-1.854;0;103;-655;6.315;10.319;0;10.319;-4.308;-747;5.265;0
PLANNER CORRETORA DE VALORES S.A.;806535;PLANNER;51341;80587;n2;2;15;SAO PAULO;SP;06/2016;0;0;3.885;662;0;0;4.547;0;0;0;0;77;77;4.623;13.981;4.083;-6.363;-15.056;-1.712;0;646;-478;-4.901;-278;0;-278;-28;-170;-475;0
COOPERATIVA DE ECONOMIA E CREDITO MUTUO DOS SERVIDORES PÚBLICOS ESTADUAIS DO RIO GRANDE DO SUL EM PORTO ALEGRE E GRANDE PORTO ALEGRE;3973814;;;;b3S;2;9;PORTO ALEGRE;RS;06/2016;4.237;0;300;0;0;0;4.537;-764;0;0;0;-960;-1.725;2.812;423;0;-1.564;-1.402;-7;0;0;-44;-2.594;218;0;218;0;0;218;0
COOPERATIVA DE CREDITO RURAL COM INTERACAO SOLIDARIA DE CASCAVEL - CRESOL CASCAVEL;2448310;;;;b3S;2;9;CASCAVEL;PR;06/2016;3.601;0;932;0;0;0;4.533;-817;-1.141;0;0;-435;-2.393;2.140;667;290;-1.305;-1.303;1;0;173;-394;-1.872;268;-22;246;-11;-47;189;0
ALBATROSS CORRETORA DE CAMBIO E VALORES S.A;5452073;;;82499;n2;2;15;SAO PAULO;SP;06/2016;0;0;376;0;4.151;0;4.527;0;0;0;0;0;0;4.527;808;0;-711;-3.003;-296;0;160;-57;-3.098;1.429;0;1.429;-465;0;964;0
COOPERATIVA DE CRÉDITO DE LIVRE ADMISSÃO DE CARMO DO CAJURU LTDA. - SICOOB CARMOCREDI;65239402;;;;b3S;2;9;CARMO DO CAJURU;MG;06/2016;2.811;0;1.698;0;0;0;4.509;-1.778;-49;0;0;-147;-1.974;2.535;340;505;-1.413;-1.088;-26;0;283;-181;-1.582;953;21;974;-51;0;923;0
COOPERATIVA DE ECONOMIA E CRÉDITO MÚTUO DOS FUNCIONÁRIOS DO GRUPO WALMART LTDA. - SICOOB COOPERBOM;74026998;;;;b3S;2;9;SALVADOR;BA;06/2016;4.189;0;315;0;0;0;4.504;-251;-690;0;0;-417;-1.357;3.147;141;53;-1.566;-1.011;-20;0;151;-170;-2.422;725;5;730;-13;0;718;0
BANCO PORTO REAL DE INVESTIMENTOS S.A;40429946;;;81359;b2;2;13;PORTO REAL;RJ;06/2016;4.213;0;289;0;0;0;4.502;-621;0;0;0;33;-588;3.914;5;0;-1.498;-391;-187;0;1;-15;-2.086;1.829;107;1.935;-585;0;1.350;0
COOPERATIVA DE CRÉDITO COGEM;44401800;;;;b3S;2;9;SAO BERNARDO DO CAMPO;SP;06/2016;3.877;0;582;0;0;0;4.459;0;0;0;0;-174;-174;4.284;0;0;-590;-313;-31;0;1;1;-934;3.351;0;3.351;-4;0;3.346;-3.198
COOPERATIVA DE CRÉDITO DE LIVRE ADMISSÃO DE SACRAMENTO LTDA. - SICOOB SACRAMENTO;71154256;;;;b3S;2;9;SACRAMENTO;MG;06/2016;3.315;0;1.125;0;0;0;4.439;-1.179;-248;0;0;-319;-1.747;2.693;86;28;-530;-468;-10;0;231;-46;-708;1.985;-2;1.982;-11;0;1.971;0
COOPERATIVA DE CRÉDITO DE LIVRE ADMISSÃO DA REGIÃO DO ALTO SERTÃO PARAIBANO LTDA. - UNICRED ALTO SERTÃO PARAIBANO;9343038;;;;b3S;2;9;SOUSA;PB;06/2016;2.333;0;2.106;0;0;0;4.439;-1.804;0;0;0;-213;-2.017;2.422;53;241;-955;-682;-1;1;64;-403;-1.682;739;0;739;0;0;739;0
OMNI S.A. ARRENDAMENTO MERCANTIL;18846364;OMNI;50940;80460;n1;2;19;SAO PAULO;SP;06/2016;43;4.279;113;0;0;0;4.435;1;0;-2.967;0;-1.168;-4.136;299;0;40;-273;-469;-93;0;1;-6;-801;-501;0;-501;639;0;137;0
COOPERATIVA DE CREDITO DE ITAPAGIPE LTDA - SICOOB ITAPAGIPE;71506513;;;;b3S;2;9;ITAPAGIPE;MG;06/2016;2.466;0;1.952;0;0;0;4.418;-981;-461;0;0;-136;-1.579;2.839;202;220;-811;-606;-17;0;316;-195;-891;1.948;-23;1.925;-21;-24;1.879;-441
SICREDI PIAUÍ - COOPERATIVA DE CRÉDITO DOS PROFISSIONAIS DA SAÚDE DAS REGIÕES CENTRO E NORTE DO PIAUÍ;3128973;;;;b3S;2;9;TERESINA;PI;06/2016;2.022;0;2.394;0;0;0;4.416;-2.279;0;0;0;-88;-2.367;2.049;22;243;-927;-692;-45;1;125;-322;-1.595;454;0;454;0;0;454;0
COINVALORES CORRETORA DE CÂMBIO E VALORES MOBILIÁRIOS LTDA.;336036;COINVALORES;51561;80707;n2;2;15;SAO PAULO;SP;06/2016;0;0;4.288;128;0;0;4.416;0;0;0;0;0;0;4.416;4.604;2.500;-4.246;-6.225;-770;0;1.194;-212;-3.156;1.260;0;1.260;0;0;1.260;-1.300
COOPERATIVA DE CRÉDITO DE LIVRE ADMISSÃO DE CAMPOS GERAIS E CAMPO DO MEIO LTDA - SICOOB CREDCAM;71146450;;;;b3S;2;9;CAMPOS GERAIS;MG;06/2016;3.187;0;1.156;0;0;0;4.343;-1.252;-371;0;0;-330;-1.953;2.390;243;288;-982;-729;-17;0;336;-133;-995;1.395;1;1.394;-43;-54;1.297;0
COOPERATIVA DE CRÉDITO RURAL COM INTERAÇÃO SOLIDÁRIA DE SANTO CRISTO - CRESOL SANTO CRISTO;6031727;;;;b3S;2;9;SANTO CRISTO;RS;06/2016;3.699;0;615;0;0;0;4.314;-1.726;-236;0;0;-361;-2.323;1.991;321;105;-1.049;-976;-9;0;129;-306;-1.785;206;111;317;-7;0;310;0
COOPERATIVA DE CRÉDITO DE LIVRE ADMISSÃO DE RIO VERDE E REGIÃO LTDA.;9033698;;;;b3S;2;9;RIO VERDE;GO;06/2016;3.128;0;1.156;0;0;0;4.284;-1.386;0;0;0;-92;-1.477;2.806;155;158;-979;-972;-2;0;92;-103;-1.651;1.155;0;1.155;-6;0;1.149;0
COOPERATIVA DE ECONOMIA E CRÉDITO MÚTUO DOS FUNCIONÁRIOS DA CEPLAC LTDA;32615247;;;;b3S;2;9;ILHEUS;BA;06/2016;3.779;0;494;0;0;0;4.273;-902;0;0;0;-981;-1.883;2.390;7;156;-674;-1.180;-2;0;360;-156;-1.490;900;5;905;0;0;905;0
BRASIL PLURAL CORRETORA DE CÂMBIO, TÍTULOS E VALORES MOBILIÁRIOS S.A.;5816451;BRASIL PLURAL;51839;80941;n2;2;15;RIO DE JANEIRO;RJ;06/2016;0;0;4.350;-98;12;0;4.264;0;-325;0;0;0;-325;3.939;20.012;969;-5.219;-10.681;-2.121;0;198;-873;2.284;6.223;0;6.223;-2.423;-1.707;2.094;0
COOPERATIVA DE CRÉDITO DE LIVRE ADMISSÃO DE RIO BRANCO LTDA;1608685;;;;b3S;2;9;RIO BRANCO;AC;06/2016;3.428;0;834;0;0;0;4.262;-1.449;0;0;0;-501;-1.950;2.312;81;125;-861;-717;-6;0;334;-67;-1.111;1.200;57;1.257;-26;-57;1.174;-734
COOPERATIVA DE ECONOMIA E CRÉDITO MÚTUO DOS FUNCIONÁRIOS DA NESTLÉ - CREDI NESTLÉ;62562012;;;;b3S;2;9;SAO PAULO;SP;06/2016;3.873;0;389;0;0;0;4.262;0;0;0;0;-26;-26;4.235;0;0;-928;-659;-4;0;44;0;-1.547;2.688;0;2.688;0;0;2.688;0
COOPERATIVA DE ECONOMIA E CRÉDITO MÚTUO DOS EMPREGADOS DO GRUPO PÃO DE AÇÚCAR;46277273;;;;b3S;2;9;SAO PAULO;SP;06/2016;1.724;0;2.530;0;0;0;4.254;0;0;0;0;-62;-62;4.192;0;0;-525;0;-16;0;0;-1.478;-2.019;2.173;0;2.173;0;0;2.173;0
COOPERATIVA DE CRÉDITO DE LIVRE ADMISSÃO DE MANAUS   SICOOB MANAUS;5580585;;;;b3S;2;9;MANAUS;AM;06/2016;3.722;0;530;0;0;0;4.252;-1.355;-3;0;0;-1.567;-2.925;1.327;193;295;-1.176;-1.010;-19;0;9;-116;-1.823;-496;0;-496;-17;0;-513;0
COOPERATIVA DE ECONOMIA E CRÉDITO MÚTUO DOS SERVIDORES PÚBLICOS DO ESTADO DE SÃO PAULO - CREDIPAULISTA;3139644;;;;b3S;2;9;SAO PAULO;SP;06/2016;3.311;0;921;0;0;0;4.232;0;0;0;0;-413;-413;3.819;66;0;-1.049;-975;-4;0;3;-160;-2.119;1.700;0;1.700;0;0;1.700;0
COOPERATIVA DE ECONOMIA E CREDITO MUTUO DOS EMPREGADOS DAS EMPRESAS RANDON;89280960;;;;b3S;2;9;CAXIAS DO SUL;RS;06/2016;3.241;0;971;0;0;0;4.212;-126;0;0;0;-970;-1.096;3.116;0;0;-345;-236;0;0;1;-33;-613;2.502;0;2.502;-339;-5;2.159;-1.523
COOPERATIVA DE CRÉDITO DE LIVRE ADMISSÃO DO SUDOESTE RONDONIENSE LTDA. - CREDISIS ROLIMCREDI;3985375;;;;b3S;2;9;ROLIM DE MOURA;RO;06/2016;3.725;0;482;0;0;0;4.207;-659;-7;0;0;-887;-1.554;2.653;190;26;-1.008;-883;-5;0;14;-366;-2.032;621;-11;610;0;0;610;-477
DEUTSCHE SPARKASSEN LEASING DO BRASIL S.A. - SOCIEDADE DE ARRENDAMENTO MERCANTIL;23511655;;;84545;n1;3;19;SAO PAULO;SP;06/2016;0;1.922;2.255;0;0;0;4.178;0;-7;-1.546;0;-94;-1.647;2.530;17;0;-3.503;-1.896;-173;0;397;1;-5.158;-2.628;-35;-2.663;-49;0;-2.712;0
COOPERATIVA DE CRÉDITO RURAL DOS FORNECEDORES DE CANA DA REGIÃO DE CATANDUVA-COFOCRED;49654502;;;;b3S;2;9;CATANDUVA;SP;06/2016;3.744;0;430;0;0;0;4.174;0;0;0;0;-2.419;-2.419;1.756;0;0;-622;-412;-4;0;31;0;-1.008;748;0;748;0;0;748;0
COOPERATIVA DE CREDITO DE LIVRE ADMISSÃO DA REGIÃO SUDESTE DE MINAS GERAIS LTDA. - SICOOB CREDISUCESSO;42887133;;;;b3S;2;9;BOM SUCESSO;MG;06/2016;2.829;0;1.341;0;0;0;4.170;-1.346;-217;0;0;-312;-1.876;2.295;372;625;-1.651;-1.467;-59;0;172;-201;-2.209;86;-20;66;-16;-123;-73;0
COOPERATIVA DE ECONOMIA E CRÉDITO MÚTUO DOS FUNCIONÁRIOS DO ATACADÃO;52046299;;;;b3S;2;9;SAO PAULO;SP;06/2016;3.854;0;269;0;0;0;4.123;0;0;0;0;-479;-479;3.644;0;0;-194;-134;-1;0;64;-263;-529;3.115;0;3.115;0;-19;3.096;0
BANCO DE LA REPUBLICA ORIENTAL DEL URUGUAY;51938876;;;81287;b1;3;28;SAO PAULO;SP;06/2016;236;0;3.819;0;34;0;4.088;0;-628;0;0;-375;-1.003;3.085;2;1;-1.159;-1.563;-150;0;101;-7;-2.776;309;45;354;-91;0;263;0
ELITE CORRETORA DE CÂMBIO E VALORES MOBILIÁRIOS LTDA;28048783;;;82530;n2;2;15;RIO DE JANEIRO;RJ;06/2016;1;0;4.049;1;0;0;4.049;-99;0;0;0;0;-99;3.950;4.124;3.198;-3.148;-5.516;-701;0;376;-84;-1.750;2.200;0;2.200;0;0;2.200;0
COOPERATIVA DE CRÉDITO DE LIVRE  ADMISSÃO DE JI-PARANÁ E REGIÃO LTDA. - SICOOB UNIJPR;5007327;;;;b3S;2;9;JI-PARANA;RO;06/2016;3.359;0;688;0;0;0;4.047;-1.274;0;0;0;-154;-1.428;2.620;76;154;-1.012;-943;-7;0;46;-42;-1.727;893;95;988;-41;-63;884;-478
BTG PACTUAL SERVIÇOS FINANCEIROS S.A. DISTRIBUIDORA DE TÍTULOS E VALORES MOBILIÁRIOS;59281253;BTG PACTUAL;49944;80336;n2;2;16;RIO DE JANEIRO;RJ;06/2016;0;0;4.028;0;0;0;4.028;0;0;0;0;0;0;4.028;44.223;0;-18.055;-15.074;-3.021;0;2.866;-931;10.008;14.036;0;14.036;-5.156;-2.555;6.326;0
COOPERATIVA DE CRÉDITO RURAL COM INTERAÇÃO SOLIDÁRIA DE VITOR MEIRELES - CRESOL VITOR MEIRELES;7320890;;;;b3S;2;9;VITOR MEIRELES;SC;06/2016;3.177;0;847;0;0;0;4.023;-1.275;-430;0;0;250;-1.454;2.569;223;25;-948;-750;0;0;0;-222;-1.672;898;7;905;0;0;905;0
COOPERATIVA DE CRÉDITO DE LIVRE ADMISSÃO DO LESTE MINEIRO LTDA.- UNICRED LESTE MINEIRO;1110032;;;;b3S;2;9;GOVERNADOR VALADARES;MG;06/2016;2.519;0;1.500;0;0;0;4.019;-1.814;0;0;0;-232;-2.046;1.973;219;109;-932;-913;-6;0;3;-3;-1.523;450;11;461;-2;0;458;0
COOPERATIVA DE ECONOMIA E CRÉDITO MÚTUO DO VALE DAS ANTAS LTDA. - UNICRED VALE DAS ANTAS;94243839;;;;b3S;2;9;CASCA;RS;06/2016;3.504;0;499;0;0;0;4.003;-1.677;0;0;0;-366;-2.043;1.960;64;4;-436;-375;-2;0;108;-14;-652;1.308;1;1.307;-1;0;1.306;0
COOPERATIVA DE CREDITO RURAL COM INTERACAO SOLIDARIA DE ITAPEJARA D`OESTE - CRESOL ITAPEJARA D`OESTE;4973378;;;;b3S;2;9;ITAPEJARA D'OESTE;PR;06/2016;3.245;0;756;0;0;0;4.001;-671;-759;0;0;-904;-2.334;1.667;384;169;-435;-700;1;0;73;-413;-922;746;-15;730;-5;-14;711;-154
COOPERATIVA DE CRÉDITO RURAL COM INTERAÇÃO SOLIDÁRIA DE SCHROEDER - CRESOL SCHROEDER;8387258;;;;b3S;2;9;SCHROEDER;SC;06/2016;2.713;0;1.283;0;0;0;3.996;-1.475;-241;0;0;-1.076;-2.793;1.203;122;309;-807;-706;0;0;128;-390;-1.344;-140;-11;-151;-3;0;-154;0
COOPERATIVA DE CREDITO RURAL COM INTERACAO SOLIDARIA DE CORONEL VIVIDA - CRESOL CORONEL VIVIDA;2446089;;;;b3S;2;9;CORONEL VIVIDA;PR;06/2016;2.773;0;1.216;0;0;0;3.989;-1.150;-902;0;0;-166;-2.218;1.770;525;173;-655;-601;-1;0;102;-338;-795;976;-16;959;-8;-24;927;-170
RPW SOCIEDADE DE CRÉDITO AO MICROEMPREENDEDOR E À EMPRESA DE PEQUENO PORTE S.A.;6249129;;;83209;n1;2;10;SAO PAULO;SP;06/2016;3.698;0;289;0;0;0;3.987;-41;-13;0;0;-20;-74;3.913;0;1.431;-679;-3.678;-251;0;29;-9;-3.156;757;-8;749;-264;0;485;0
COOPERATIVA DE ECONOMIA E CRÉDITO MÚTUO DOS MÉDICOS E DEMAIS PROFISSIONAIS DE NÍVEL SUPERIOR DA ÁREA DE SAÚDE DE OURINHOS - OURICRED;2179673;;;;b3S;2;9;OURINHOS;SP;06/2016;2.557;0;1.410;0;0;0;3.967;-2.096;0;0;0;-260;-2.356;1.610;144;43;-558;-406;-10;18;38;-189;-920;690;1;692;0;0;692;0
SICOOB CREDIMONTES - COOPERATIVA DE CRÉDITO DE LIVRE ADMISSÃO REGIONAL DE MONTES CLAROS LTDA;2031139;;;;b3S;2;9;MONTES CLAROS;MG;06/2016;3.051;0;910;0;0;0;3.961;-978;-301;0;0;-128;-1.407;2.554;299;389;-1.487;-999;-3;0;110;-71;-1.763;791;16;807;-15;0;792;0
COOPERATIVA DE ECONOMIA E CRÉDITO MÚTUO DOS SERVIDORES DO PODER EXECUTIVO FEDERAL DO ESTADO DE RONDÔNIA   SICOOB CREDIFORTE;3497143;;;;b3S;2;9;PORTO VELHO;RO;06/2016;3.751;0;208;0;0;0;3.959;-518;-450;0;0;-162;-1.130;2.829;122;205;-1.033;-1.226;-16;0;62;-101;-1.988;841;1;843;-8;-25;810;0
GERAÇÃO FUTURO CORRETORA DE VALORES SA.;27652684;BRASIL PLURAL;51839;80941;n2;2;15;RIO DE JANEIRO;RJ;06/2016;0;0;3.944;0;0;0;3.944;0;0;0;0;-4;-4;3.940;23.795;0;-12.319;-15.293;-2.027;-256;72;-623;-6.650;-2.709;1;-2.710;0;-721;-3.431;0
COOPERATIVA DE ECONOMIA E CRÉDITO MÚTUO DOS EMPREGADOS DA EMPRESA BRASILEIRA DE CORREIOS E TELÉGRAFOS DO ESTADO DE MINAS GERAIS LTDA. - SICOOB COOPERCORREIOS;3862898;;;;b3S;2;9;BELO HORIZONTE;MG;06/2016;3.464;0;475;0;0;0;3.939;-1.016;0;0;0;-263;-1.278;2.661;82;274;-651;-624;-25;0;110;-92;-927;1.734;-3;1.731;-10;0;1.721;0
COOPERATIVA DE ECONOMIA E CRÉDITO MÚTUO DOS SERVIDORES DA UNIVERSIDADE FEDERAL DE VIÇOSA LTDA. - SICOOB UFVCREDI;2794761;;;;b3S;2;9;VICOSA;MG;06/2016;3.010;0;880;0;0;0;3.890;-1.029;0;0;0;-168;-1.197;2.693;170;20;-558;-789;-16;0;79;-53;-1.147;1.546;-2;1.544;-27;0;1.517;0
AGÊNCIA DE FOMENTO DO ESTADO DE PERNAMBUCO S.A.;13178690;;;81177;n1;1;30;RECIFE;PE;06/2016;1.371;0;2.517;0;0;0;3.888;0;-76;0;0;-3.097;-3.174;714;98;58;-1.517;-2.167;-189;0;51;0;-3.666;-2.952;1;-2.953;-32;0;-2.985;0
COOPERATIVA DE ECONOMIA E CRÉDITO MÚTUO DOS SERVIDORES DA FUNDAÇÃO HOSPITALAR E EMPREGADOS DOS ESTABELECIMENTOS HOSPITALARES DE BELO HORIZONTE, REGIÃO METROPOLITANA E ZONA DA MATA LTDA. - CECREF;19402130;;;;b3S;2;9;BELO HORIZONTE;MG;06/2016;3.008;0;858;0;0;0;3.866;-886;-740;0;0;-133;-1.758;2.107;138;70;-1.479;-1.139;-25;0;651;-547;-2.331;-224;-16;-239;-7;0;-246;0
GLOBAL EXCHANGE DO BRASIL SOCIEDADE CORRETORA DE CÂMBIO LTDA.;21040668;;;84435;n2;3;21;SAO PAULO;SP;06/2016;0;0;310;0;3.554;0;3.864;0;0;0;0;0;0;3.864;488;0;-2.743;-5.294;-229;0;45;-44;-7.777;-3.913;0;-3.913;0;0;-3.913;0
ACCESSCRÉDITO - SOCIEDADE DE CRÉDITO AO MICROEMPREENDEDOR E À EMPRESA DE PEQUENO PORTE S.A;13058743;;;83319;n1;3;10;MANAUS;AM;06/2016;3.528;0;316;0;0;0;3.845;0;0;0;0;-2.630;-2.630;1.215;381;0;-3.418;-1.822;-556;0;0;-15;-5.431;-4.216;254;-3.962;0;0;-3.962;0
COOPERATIVA DE ECONOMIA E CRÉDITO MÚTUO DO GRUPO BASF;74244344;;;;b3S;2;9;SAO PAULO;SP;06/2016;2.389;0;1.433;0;0;0;3.821;0;0;0;0;-140;-140;3.681;0;0;-205;-276;0;0;146;1;-337;3.345;0;3.345;0;0;3.345;-2.862
NOMINAL DISTRIBUIDORA DE TITULOS E VALORES MOBILIARIOS LTDA;76637263;;;83869;n2;2;16;RIO DE JANEIRO;RJ;06/2016;0;0;3.812;0;0;0;3.812;0;0;0;0;0;0;3.812;11;0;-420;-3.075;-175;0;10;0;-3.649;163;-1;162;-22;0;140;0
COOPERATIVA DE ECONOMIA E CRÉDITO MUTUO DOS MEDICOS E DEMAIS PROFISSIONAIS DE NIVEL SUPERIOR DA AREA DE SAUDE DE SALVADOR E REGIAO METROPOLITANA LTDA - SICOOB CREDMED;7440317;;;;b3S;2;9;SALVADOR;BA;06/2016;3.139;0;651;0;0;0;3.790;-662;0;0;0;-500;-1.161;2.629;134;633;-1.182;-1.077;-11;0;384;-88;-1.207;1.422;-22;1.400;-3;0;1.397;-440
COOPERATIVA DE CREDITO RURAL ASCOOB SISAL;63229629;;;;b3S;2;9;SERRINHA;BA;06/2016;3.475;0;301;0;0;0;3.776;-772;-115;0;0;-724;-1.611;2.165;50;393;-1.117;-1.194;-2;0;4;-136;-2.000;165;-2;163;0;0;163;0
COOPERATIVA DE CRÉDITO RURAL COM INTERAÇÃO SOLIDÁRIA DAS ENCOSTAS DA SERRA GERAL - CRESOL ENCOSTAS DA SERRA GERAL;3485130;;;;b3S;2;9;SANTA ROSA DE LIMA;SC;06/2016;2.661;0;1.091;0;0;0;3.752;-1.525;-130;0;0;-337;-1.992;1.760;157;61;-775;-716;0;0;1;-147;-1.418;342;-30;312;0;0;312;0
COOPERATIVA DE CRÉDITO DE LIVRE ADMISSÃO DE IGUATAMA LTDA. - SICOOB CREDITAMA;26359745;;;;b3S;2;9;IGUATAMA;MG;06/2016;2.545;0;1.204;0;0;0;3.749;-1.088;-213;0;0;-750;-2.050;1.699;210;176;-1.071;-779;-14;0;119;-29;-1.388;311;1;312;-33;0;279;0
COOPERATIVA DE CREDITO DE SALVADOR - SICREDI SALVADOR;2245493;;;;b3S;2;9;SALVADOR;BA;06/2016;2.886;0;846;0;0;0;3.731;-133;0;0;0;-1.002;-1.136;2.596;29;36;-759;-820;-2;7;284;-286;-1.511;1.084;7;1.092;0;0;1.092;0
COOPERATIVA DE CRÉDITO DE LIVRE ADMISSÃO DA REGIÃO DE TIROS E MATUTINA LTDA - SICOOB CREDITIROS;42880617;;;;b3S;2;9;TIROS;MG;06/2016;3.075;0;637;0;0;0;3.712;-782;-375;0;0;-606;-1.764;1.948;263;269;-972;-490;-22;0;134;-63;-881;1.067;1;1.068;-50;-27;991;0
BOA VIAGEM SOCIEDADE CORRETORA DE CÂMBIO LTDA.;6373777;;;82080;n2;2;21;RECIFE;PE;06/2016;0;0;0;0;3.701;0;3.701;0;0;0;0;0;0;3.701;9;0;-1.470;-1.457;-173;0;0;0;-3.092;609;60;669;-226;0;443;0
COOPERATIVA DE CRÉDITO DO CENTRO OESTE DE GOIAS - SICREDI CENTRO OESTE GO;9576038;;;;b3S;2;9;GOIANIA;GO;06/2016;2.879;0;794;0;0;0;3.673;-893;0;0;0;-2.558;-3.451;222;398;329;-1.139;-940;-18;0;56;-496;-1.811;-1.588;0;-1.588;-12;0;-1.600;0
COOPERATIVA DE CRÉDITO RURAL ASCOOB ITAPICURU;3921543;;;;b3S;2;9;SANTALUZ;BA;06/2016;3.396;0;269;0;0;0;3.666;-732;-23;0;0;-1.113;-1.868;1.797;47;479;-927;-1.082;-1;0;1;-444;-1.926;-129;-46;-175;0;0;-175;0
COOPERATIVA DE ECONOMIA E CRÉDITO MÚTUO DOS SERVIDORES MUNICIPAIS DE SÃO JOÃO DA BOA VISTA - CREDIVISTA;74248949;;;;b3S;2;9;SAO JOAO DA BOA VISTA;SP;06/2016;3.036;0;614;0;0;0;3.650;-1.226;0;0;0;-7;-1.233;2.417;40;9;-679;-463;-30;0;0;0;-1.123;1.294;0;1.294;-161;-178;956;0
COOPERATIVA DE CRÉDITO DE LIVRE ADMISSÃO DE ASSOCIADOS PÉROLA DO VALE - SICOOB CREDIPÉROLA;82133182;;;;b3S;2;9;TIMBO;SC;06/2016;2.953;0;688;0;0;0;3.641;-1.252;-3;0;0;-146;-1.401;2.240;226;357;-1.065;-1.165;-12;0;122;-121;-1.656;583;-6;577;-14;0;563;0
COOPERATIVA DE ECONOMIA E CRÉDITO MÚTUO DOS EMPREGADOS DA MONDELEZ BRASIL, PHILIP MORRIS BRASIL E K&S ALIMENTOS;62795257;;;;b3S;2;9;SAO PAULO;SP;06/2016;2.217;0;1.421;0;0;0;3.638;0;0;0;0;-78;-78;3.560;17;0;-679;-310;-4;0;308;-8;-677;2.883;0;2.883;0;0;2.883;0
COOPERATIVA DE ECONOMIA E CRÉDITO MÚTUO DA ALIANÇA DOS MÉDICOS E DEMAIS PROFISSIONAIS DA ÁREA DE SAÚDE DA REGIÃO NOROESTE PAULISTA - GRANCRED NOROESTE PAULISTA;3149086;;;;b3S;2;9;VOTUPORANGA;SP;06/2016;3.346;0;285;0;0;0;3.631;-1.037;0;0;0;-22;-1.058;2.573;14;0;-603;-739;-3;0;26;-213;-1.518;1.055;0;1.055;-3;-78;974;0
COOPERATIVA DE CRÉDITO DOS PROFISSIONAIS DA ÁREA DA SAÚDE DE FRANCISCO BELTRÃO-PR E REGIÃO, UNIPRIME FRANCISCO BELTRÃO;2412022;;;;b3S;2;9;FRANCISCO BELTRAO;PR;06/2016;1.549;0;2.079;0;0;0;3.628;-2.007;-5;0;0;-197;-2.209;1.419;38;32;-319;-454;-1;0;17;-5;-691;728;0;728;1;-6;722;-369
COOPERATIVA DE CRÉDITO RURAL DE NOVA BRASILÂNDIA D'OESTE LTDA.;5597773;;;;b3S;2;9;NOVA BRASILANDIA;RO;06/2016;3.469;0;155;0;0;0;3.624;-587;-125;0;0;-277;-990;2.634;103;10;-825;-579;-5;0;17;-307;-1.585;1.049;1;1.049;0;0;1.049;-334
COOPERATIVA DE CREDITO DE LIVRE ADMISSÃO DE MARTINHO CAMPOS LTDA - SICOOB CREDIMAC;64480833;;;;b3S;2;9;MARTINHO CAMPOS;MG;06/2016;2.405;0;1.147;0;0;0;3.552;-1.247;-150;0;0;-98;-1.495;2.058;251;230;-1.024;-851;-22;0;189;-145;-1.371;687;0;686;-36;0;650;0
COOPERATIVA DE ECONOMIA E CRÉDITO MÚTUO DOS EMPRESÁRIOS DE RIBEIRÃO PRETO E REGIÃO - SICOOB COOPERAC;8071414;;;;b3S;2;9;RIBEIRAO PRETO;SP;06/2016;2.766;0;745;0;0;0;3.511;-825;0;0;0;-520;-1.345;2.166;615;337;-1.057;-1.377;-8;0;37;-178;-1.631;535;6;542;-13;-54;475;0
COOPERATIVA DE CRÉDITO DE LIVRE ADMISSÃO DE CAPITÓLIO LTDA   SICOOB CREDICAPI;804046;;;;b3S;2;9;CAPITOLIO;MG;06/2016;2.788;0;723;0;0;0;3.510;-943;-255;0;0;-329;-1.527;1.983;450;251;-1.114;-785;-23;0;73;-82;-1.229;754;1;755;-62;-6;686;0
COOPERATIVA DE ECONOMIA E CRÉDITO MÚTUO DOS SERVIDORES MILITARES, POLÍCIA CIVIL E DA SECRETARIA DA EDUCAÇÃO DO ESTADO DE MINAS GERAIS LTDA. - SICOOB COOPEMG;3269540;;;;b3S;2;9;BELO HORIZONTE;MG;06/2016;3.071;0;427;0;0;0;3.498;-884;-680;0;0;-96;-1.660;1.838;267;59;-1.064;-690;-29;0;123;-239;-1.573;265;-7;258;-18;0;240;0
TORRE CORRETORA DE CÂMBIO LTDA;57582264;;;82138;n2;2;21;SAO PAULO;SP;06/2016;0;0;0;0;3.493;0;3.493;0;0;0;0;0;0;3.493;612;0;-890;-2.732;-204;0;275;0;-2.938;555;0;555;-161;0;394;0
TIBRE DISTRIBUIDORA DE TÍTULOS E VALORES MOBILIÁRIOS LTDA.;62042890;BRADESCO;10045;80075;n2;2;16;OSASCO;SP;06/2016;0;0;3.489;0;0;0;3.489;0;0;0;0;0;0;3.489;0;0;0;-130;-162;0;2;-40;-331;3.158;0;3.158;-1.414;0;1.744;0
COOPERATIVA DE ECONOMIA E CRÉDITO MÚTUO DOS EMPRESÁRIOS DE LEME - SICOOB CREDIACIL;8795285;;;;b3S;2;9;LEME;SP;06/2016;2.266;0;1.221;0;0;0;3.487;-1.344;-5;0;0;-469;-1.818;1.668;194;350;-684;-706;-13;0;121;-80;-818;850;0;850;-15;0;835;0
MELHOR - CORRETORA DE CÂMBIO LTDA.;13839639;;;82279;n2;2;21;CURITIBA;PR;06/2016;0;0;0;0;3.486;0;3.486;0;0;0;0;0;0;3.486;0;2;-275;-2.862;-162;0;0;-3;-3.301;185;10;195;-59;0;136;-46
UBS BRASIL BANCO DE INVESTIMENTO S.A.;18520834;UBS;51877;80989;b2;3;13;SAO PAULO;SP;06/2016;0;0;3.483;0;0;0;3.483;0;0;0;0;0;0;3.483;0;0;0;-324;-162;0;13;-5;-478;3.006;0;3.006;-1.356;0;1.650;0
COOPERATIVA DE ECONOMIA E CRÉDITO MÚTUO DOS MÉDICOS E DEMAIS PROFISSIONAIS  DE NÍVEL SUPERIOR DA SAÚDE DE VITÓRIA LTDA. - UNICRED VITÓRIA;39808449;;;;b3S;2;9;VITORIA;ES;06/2016;2.249;0;1.227;0;0;0;3.477;-1.283;0;0;0;-52;-1.335;2.142;194;146;-834;-1.026;-6;0;12;-13;-1.527;615;13;628;-2;0;626;0
PINE INVESTIMENTOS DISTRIBUIDORA DE TÍTULOS E VALORES MOBILIÁRIOS LTDA;92236777;PINE;50304;80374;n2;2;16;SAO PAULO;SP;06/2016;0;0;3.456;0;0;0;3.456;-115;0;0;0;0;-115;3.342;1.195;0;-32;-269;-271;0;37;0;659;4.001;0;4.001;-1.786;-4;2.210;0
WALPIRES S.A. CORRETORA DE CÂMBIO, TÍTULOS E VALORES MOBILIÁRIOS;61769790;;;82860;n2;2;15;SAO PAULO;SP;06/2016;0;0;3.453;0;0;0;3.453;0;0;0;0;0;0;3.453;3.238;4.332;-805;-8.881;-729;0;766;-179;-2.258;1.195;14;1.209;0;0;1.209;0
COOPERATIVA DE ECONOMIA E CRÉDITO MÚTUO DOS SERVIDORES DO PODER LEGISLATIVO FEDERAL E DO DISTRITO FEDERAL - SICOOB LEGISLATIVO;3329154;;;;b3S;2;9;BRASILIA;DF;06/2016;3.185;0;262;0;0;0;3.447;-1.119;-849;0;0;-599;-2.567;880;24;36;-750;-493;-5;424;19;-79;-824;56;1;58;-3;0;55;0
COOPERATIVA DE CRÉDITO DE LIVRE ADMISSÃO DE MICRO REGIÕES DE GOIÂNIA E ADJACENTES LTDA.;1601342;;;;b3S;2;9;GOIANIA;GO;06/2016;2.718;0;724;0;0;0;3.442;-700;-19;0;0;-446;-1.166;2.276;89;163;-736;-725;-4;0;166;-118;-1.165;1.111;0;1.111;-6;0;1.105;0
COOPERATIVA DE ECONOMIA E CRÉDITO MÚTUO DOS FUNCIONÁRIOS DA ASSOCIAÇÃO CONGREGAÇÃO DE SANTA CATARINA;65560658;;;;b3S;2;9;SAO PAULO;SP;06/2016;3.271;0;162;0;0;0;3.433;-54;0;0;0;-752;-806;2.626;0;0;-1.112;-643;0;2;137;0;-1.616;1.010;0;1.010;0;0;1.010;0
COOPERATIVA DE CRÉDITO RURAL DE OURO   SULCREDI/OURO;7853842;;;;b3S;2;9;OURO;SC;06/2016;2.945;0;482;0;0;0;3.427;-729;-122;0;0;-1.288;-2.140;1.287;56;158;-611;-761;-2;0;104;-177;-1.234;53;3;57;-17;0;39;0
COOPERATIVA DE CRÉDITO DE LIVRE ADMISSÃO DA MARGEM ESQUERDA DO URUCUIA E SÃO FRANCISCO LTDA - SICOOB CREDICHAPADA;14046512;;;;b3S;2;9;CHAPADA GAUCHA;MG;06/2016;3.126;0;282;0;0;5;3.413;-231;-751;0;0;-791;-1.773;1.640;163;264;-764;-515;-16;0;169;-110;-809;831;1;832;0;0;832;0
COOPERATIVA DE ECONOMIA E CRÉDITO MÚTUO DOS EMPREGADOS DAS EMPRESAS E PRESTADORES DE SERVIÇO DO GRUPO ARCELORMITTAL - SICOOB COPESITA;19875244;;;;b3S;2;9;TIMOTEO;MG;06/2016;2.518;0;886;0;0;0;3.404;-1.199;0;0;0;-421;-1.620;1.784;192;83;-780;-746;-20;0;373;-117;-1.015;768;19;788;-30;0;757;-62
COOPERATIVA DE CREDITO RURAL SEARA - CREDISEARA;204963;;;;b3S;2;9;SEARA;SC;06/2016;1.388;0;2.008;0;0;0;3.396;-1.808;-173;0;0;-203;-2.184;1.212;180;17;-475;-517;0;0;0;-104;-899;313;90;403;0;0;403;0
COOPERATIVA DE CRÉDITO DA SERRA CATARINENSE – CREDICOMIN;9590601;;;;b3S;2;9;LAGES;SC;06/2016;2.520;0;872;0;0;0;3.392;-1.070;-93;0;0;-436;-1.600;1.793;259;190;-780;-988;-3;0;7;-111;-1.425;368;-5;362;0;-37;325;0
VISION S.A. CORRETORA DE CAMBIO;4062902;;;81892;n2;2;21;SAO PAULO;SP;06/2016;0;0;30;0;3.339;0;3.369;0;0;0;0;-4;-4;3.365;2.206;1;-1.162;-3.728;-370;0;7;-3;-3.048;316;0;316;-128;0;189;0
COOPERATIVA DE CRÉDITO RURAL COM INTERAÇÃO SOLIDÁRIA DE FREDERICO WESTPHALEN - CRESOL FREDERICO WESTPHALEN;17343510;;;;b3S;2;9;FREDERICO WESTPHALEN;RS;06/2016;2.535;0;824;0;0;0;3.360;-1.395;-129;0;0;-496;-2.020;1.340;128;30;-597;-433;1;0;119;-273;-1.026;313;-3;311;-4;0;307;0
COOPERATIVA DE CREDITO RURAL COM INTERACAO SOLIDARIA DE TRES BARRAS DO PARANA - CRESOL TRES BARRAS DO PARANA;4273001;;;;b3S;2;9;TRES BARRAS DO PARANA;PR;06/2016;2.290;0;1.063;0;0;0;3.353;-872;-666;0;0;-579;-2.117;1.236;382;227;-716;-828;-1;0;93;-609;-1.451;-215;-16;-231;-5;-13;-249;-53
CAMBIONET CORRETORA DE CÂMBIO LTDA.;14190547;;;82286;n2;2;21;PORTO ALEGRE;RS;06/2016;0;0;71;0;3.271;0;3.342;0;0;0;0;0;0;3.342;21;133;-1.070;-1.372;-159;0;0;-104;-2.551;791;43;834;-238;-57;539;-173
COOPERATIVA DE CRÉDITO DOS EMPRESÁRIOS DA CMI SECOVI-MG - SICOOB SECOVICRED;14913919;;;;b3S;2;9;BELO HORIZONTE;MG;06/2016;1.153;0;2.160;0;0;0;3.312;-1.597;0;0;0;-137;-1.734;1.579;495;539;-660;-951;-56;0;156;-111;-587;991;10;1.002;-5;0;997;0
COOPERATIVA DE CRÉDITO DE LIVRE ADMISSÃO DE ASSOCIADOS DE CAÇADOR   SICOOB CAÇADOR SC;86791837;;;;b3S;2;9;CACADOR;SC;06/2016;2.562;0;724;0;0;0;3.286;-1.177;-102;0;0;-379;-1.658;1.629;192;418;-440;-682;-7;0;22;-278;-776;853;6;859;-24;0;834;0
COOPERATIVA DE CREDITO RURAL COM INTERACAO SOLIDARIA DE ARATIBA-CRESOL ARATIBA;4565791;;;;b3S;2;9;ARATIBA;RS;06/2016;2.076;0;1.203;0;0;0;3.279;-1.415;-214;0;0;-696;-2.325;954;242;1;-503;-403;0;0;0;-118;-781;173;-20;153;0;0;153;0
COOPERATIVA DE CRÉDITO RURAL DE MAIRI LTDA. - SICOOB COOPEMAR;4174720;;;;b3S;2;9;MAIRI;BA;06/2016;1.915;0;1.364;0;0;0;3.279;-825;-12;0;0;-133;-971;2.308;326;475;-1.227;-1.329;-23;0;112;-162;-1.827;481;-29;452;-11;0;441;0
NOVA FUTURA CORRETORA DE TÍTULOS E VALORES MOBILIÁRIOS LTDA.;4257795;;;83759;n2;2;15;SAO PAULO;SP;06/2016;0;0;2.315;940;0;0;3.255;0;0;0;0;0;0;3.255;7.702;2.378;-3.259;-7.575;-1.143;0;132;-342;-2.107;1.148;0;1.148;-60;-1.134;-47;0
COOPERATIVA DE ECONOMIA E CREDITO MUTUO DOS INTEGRANTES DO MINISTERIO PUBLICO DO RIO GRANDE DO SUL - SICREDI MP;3662047;;;;b3S;2;9;PORTO ALEGRE;RS;06/2016;1.516;0;1.728;0;0;0;3.243;-2.148;-37;0;0;-9;-2.194;1.049;31;8;-414;-44;-2;0;29;-197;-588;461;0;461;-4;0;457;0
COOPERATIVA DE CREDITO RURAL COM INTERACAO SOLIDARIA DE BOA VISTA-CRESOL BOA VISTA;4929712;;;;b3S;2;9;SAO LOURENCO DO SUL;RS;06/2016;2.248;0;973;0;0;0;3.221;-1.376;-295;0;0;-770;-2.441;780;389;56;-768;-739;0;0;0;-199;-1.262;-482;-44;-526;0;0;-526;0
COOPERATIVA DE ECONOMIA E CRÉDITO MÚTUO SERVIDORES PÚBLICOS ESTADUAIS REGIÃO METROP BELÉM E SANTARÉM E EMPREGADOS CIAS ECONOMIA MISTA E FUNDAÇÕES DA PREFEITURA MUNICIPAL DE BELÉM LTDA. - SICOOB COOESA;83836114;;;;b3S;2;9;BELEM;PA;06/2016;2.806;0;408;0;0;0;3.214;-858;-135;0;0;-94;-1.088;2.126;218;107;-1.286;-884;-16;0;110;-142;-1.893;233;-6;227;-17;0;210;0
COOPERATIVA DE CRÉDITO RURAL COM INTERAÇÃO SOLIDÁRIA DE DONA EMMA - CRESOL DONA EMMA;4261151;;;;b3S;2;9;DONA EMMA;SC;06/2016;2.315;0;895;0;0;0;3.210;-1.527;-174;0;0;-16;-1.717;1.492;224;21;-692;-620;0;0;47;-219;-1.240;253;-29;224;0;0;224;0
GUITTA CORRETORA DE CAMBIO LTDA.;24074692;;;82107;n2;2;21;SAO PAULO;SP;06/2016;0;0;109;0;3.097;0;3.206;0;0;0;0;0;0;3.206;5.032;0;-1.678;-4.720;-593;0;281;-6;-1.685;1.521;0;1.521;-538;0;983;-279
BEM - DISTRIBUIDORA DE TITULOS E VALORES MOBILIARIOS LTDA;66670;BRADESCO;10045;80075;n2;2;16;OSASCO;SP;06/2016;0;0;3.204;0;0;0;3.204;0;0;0;0;0;0;3.204;13.807;0;0;-4.715;-1.067;0;0;-1.068;6.956;10.160;0;10.160;-4.568;0;5.592;0
BEC DISTRIBUIDORA DE TITULOS E VALORES MOBILIARIOS LTDA.;7299480;BRADESCO;10045;80075;n2;2;16;OSASCO;SP;06/2016;0;0;3.196;0;0;0;3.196;0;0;0;0;0;0;3.196;0;0;0;-112;-149;0;0;-38;-299;2.897;0;2.897;-1.291;0;1.606;0
COOPERATIVA DE CREDITO DE LIVRE ADMISSAO DA REGIAO SUL DE MATO GROSSO - SICOOB SUL;5247312;;;;b3S;2;9;RONDONOPOLIS;MT;06/2016;2.190;0;998;0;0;4;3.192;-713;-193;0;0;-697;-1.603;1.588;435;679;-1.020;-1.431;-18;0;150;-174;-1.379;210;12;222;-25;0;196;0
SOL CORRETORA DE CÂMBIO LTDA.;8520517;;;82097;n2;2;21;NATAL;RN;06/2016;0;0;0;0;3.188;0;3.188;0;0;0;0;0;0;3.188;141;0;-1.270;-1.659;0;0;9;0;-2.779;410;0;410;0;0;410;-403
GOLCRED S/A - CRÉDITO, FINANCIAMENTO E INVESTIMENTO;7631026;;;80965;n1;2;14;SAO JOSE;SC;06/2016;3.149;0;33;0;0;0;3.182;-404;0;0;0;-1.310;-1.714;1.468;0;318;-434;-752;-152;0;2;-6;-1.024;444;0;444;-205;0;239;0
COOPERATIVA DE CRÉDITO MÚTUO DOS PROFISSIONAIS MÉDICOS E DA SAÚDE DE CURITIBA E REGIÃO METROPOLITANA - SICREDI MEDICRED PR;2924977;;;;b3S;2;9;CURITIBA;PR;06/2016;1.619;0;1.552;0;0;0;3.171;-1.374;-18;0;0;-334;-1.726;1.445;308;117;-814;-568;-19;0;192;-550;-1.334;111;0;111;-35;0;76;0
COMPANHIA HIPOTECÁRIA PIRATINI - CHP;18282093;COMPANHIA PROVINCIA DE CREDITO IMOBILIARIO;51860;80972;n1;2;29;PORTO ALEGRE;RS;06/2016;3.116;0;47;0;0;0;3.163;-120;0;0;0;-29;-149;3.014;261;0;-361;-3.170;-13;0;551;-539;-3.271;-256;9;-248;0;0;-248;0
FOURTRADE CORRETORA DE CÂMBIO LTDA.;40353377;;;81957;n2;2;21;RIO DE JANEIRO;RJ;06/2016;0;0;0;0;3.152;0;3.152;0;0;0;0;0;0;3.152;2.643;0;-1.874;-2.600;-426;0;54;0;-2.204;949;39;987;-690;0;297;0
COOPERATIVA DE CRÉDITO RURAL COM INTERAÇÃO SOLIDÁRIA DE XAVANTINA - CRESOL XAVANTINA;8055016;;;;b3S;2;9;XAVANTINA;SC;06/2016;1.795;0;1.340;0;0;0;3.135;-1.237;-242;0;0;117;-1.362;1.774;203;14;-205;-354;0;0;0;-84;-426;1.347;-79;1.268;0;0;1.268;0
COOPERATIVA DE CRÉDITO DOS LOJISTAS DO DISTRITO FEDERAL - SICOOB CREDILOJISTA;7836458;;;;b3S;2;9;BRASILIA;DF;06/2016;2.621;0;499;0;0;0;3.120;-695;-80;0;0;-199;-974;2.146;255;204;-636;-783;-13;114;34;-4;-829;1.316;0;1.317;0;0;1.317;-195
COOPERATIVA DE CREDITO RURAL COM INTERACAO SOLIDARIA DE GETULIO VARGAS-CRESOL GETÚLIO VARGAS;5241145;;;;b3S;2;9;GETULIO VARGAS;RS;06/2016;2.564;0;554;0;0;0;3.118;-864;-325;0;0;-1.143;-2.332;785;323;42;-531;-659;0;0;0;-94;-920;-135;-13;-148;0;0;-148;0
COOPERATIVA DE CREDITO RURAL HORIZONTES NOVOS DE NOVO SARANDI-CREHNOR SARANDI;1869822;;;;b3S;2;9;SARANDI;RS;06/2016;2.799;0;307;0;0;0;3.106;-1.270;-102;0;0;-1.685;-3.057;48;206;492;-1.531;-1.801;-32;0;56;-533;-3.141;-3.093;28;-3.065;0;0;-3.065;0
COOPERATIVA DE CRÉDITO RURAL DOS PRODUTORES DE LEITE DO VALE DO RIO GRANDE LTDA - SICOOB CREDILEITE;86585049;;;;b3S;2;9;UBERABA;MG;06/2016;2.028;0;1.073;0;0;0;3.102;-768;-45;0;0;-322;-1.136;1.966;179;109;-1.320;-710;-27;0;227;-56;-1.597;370;-78;292;-16;0;276;0
COOPERATIVA DE CRÉDITO DE LIVRE ADMISSÃO DE SÃO FRANCISCO DE SALES LTDA.- SICOOB CREDICOOPERTRIL;1374196;;;;b3S;2;9;SAO FRANCISCO DE SALES;MG;06/2016;2.541;0;545;0;0;0;3.086;-592;-161;0;0;-1.115;-1.867;1.219;120;153;-757;-388;-12;0;86;-53;-850;369;6;375;-26;-61;288;0
COOPERATIVA DE CRÉDITO RURAL DE SÃO VICENTE DE MINAS LTDA. - SICOOB CREDISAVI;86476199;;;;b3S;2;9;SAO VICENTE DE MINAS;MG;06/2016;2.630;0;441;0;0;0;3.071;-782;-216;0;0;-181;-1.179;1.892;212;304;-888;-888;-16;0;107;-134;-1.302;590;0;590;-25;0;565;0
COOPERATIVA DE CRÉDITO DE LIVRE ADMISSÃO DA SERRA GERAL DE MINAS LTDA. - SICOOB CREDIGERAIS;2804469;;;;b3S;2;9;JANAUBA;MG;06/2016;2.282;0;783;0;0;0;3.065;-960;-8;0;0;-238;-1.205;1.860;216;482;-1.115;-940;-12;0;113;-108;-1.364;496;-30;466;-3;0;463;0
COOPERATIVA DE CRÉDITO RURAL COM INTERAÇÃO SOLIDÁRIA LESTE PARANAENSE - CRESOL LESTE PARANAENSE;5326643;;;;b3S;2;9;CERRO AZUL;PR;06/2016;2.741;0;320;0;0;0;3.061;-297;-338;0;0;-1.236;-1.871;1.190;162;250;-596;-766;-1;0;40;-355;-1.264;-74;8;-66;-1;-1;-68;0
COOPERATIVA DE CRÉDITO DOS PROFISSIONAIS DA SAÚDE, DA EDUCAÇÃO, PEQUENOS EMPRESÁRIOS, MICROEMPRESÁRIOS E MICROEMPREENDEDORES DO NORTE PAULISTA LTDA. - UNICRED NORTE PAULISTA;2250781;;;;b3S;2;9;BEBEDOURO;SP;06/2016;2.623;0;428;0;0;0;3.051;-1.041;0;0;0;-650;-1.691;1.360;200;14;-842;-1.068;-13;0;39;-24;-1.694;-335;0;-335;0;0;-335;0
COOPERATIVA DE ECONOMIA E CRÉDITO MÚTUO DOS EMPRESÁRIOS DE PRAIA GRANDE E REGIÃO - SICOOB COOPERACE;9639338;;;;b3S;2;9;PRAIA GRANDE;SP;06/2016;1.870;0;1.154;0;0;0;3.023;-1.120;0;0;0;-565;-1.684;1.339;179;166;-522;-672;-6;0;81;-85;-859;481;-36;445;-13;0;432;0
COOPERATIVA DE CRÉDITO DE LIVRE ADMISSÃO DO SERTÃO DE MINAS GERAIS LTDA. - SICOOB SERTÃO MINAS;1667352;;;;b3S;2;9;PIRAPORA;MG;06/2016;2.534;0;488;0;0;0;3.022;-805;-22;0;0;-712;-1.540;1.482;235;268;-1.134;-787;-22;0;72;-50;-1.418;64;-40;24;-11;0;13;0
BNY MELLON SERVIÇOS FINANCEIROS DISTRIBUIDORA DE TÍTULOS E VALORES MOBILIÁRIOS S.A.;2201501;BNY MELLON;51808;80910;n2;3;16;RIO DE JANEIRO;RJ;06/2016;0;0;3.015;0;0;0;3.015;0;0;0;0;-423;-423;2.592;58.955;0;-47.713;-29.668;-4.093;-1.794;5.771;-9.049;-27.591;-24.999;-322;-25.321;-16.205;0;-41.526;0
COOPERATIVA DE CRÉDITO RURAL COM INTERAÇÃO SOLIDÁRIA DE ÁGUAS DE CHAPECÓ - CRESOL ÁGUAS DE CHAPECÓ;7514202;;;;b3S;2;9;AGUAS DE CHAPECO;SC;06/2016;2.769;0;217;0;0;0;2.985;-360;-363;0;0;-966;-1.689;1.297;143;120;-435;-389;0;0;20;-918;-1.460;-164;-16;-180;-3;0;-184;0
COOPERATIVA DE CRÉDITO DOS FUNCIONÁRIOS DA ABB - COOPERABB;51010858;;;;b3S;2;9;GUARULHOS;SP;06/2016;2.766;0;212;0;0;0;2.978;0;0;0;0;-54;-54;2.923;0;0;-302;-191;-12;0;0;-18;-523;2.401;0;2.401;0;0;2.400;-2.231
COOPERATIVA DE ECONOMIA E CRÉDITO MÚTUO DOS METALÚRGICOS DA GRANDE SÃO PAULO - SICOOB METALCRED;4833655;;;;b3S;2;9;SAO PAULO;SP;06/2016;2.419;0;554;0;0;0;2.973;-338;0;0;0;-325;-663;2.310;40;82;-985;-546;-4;0;206;-36;-1.243;1.067;0;1.067;0;-85;982;0
BANCO VIPAL S.A.;9526594;;;81531;b2;2;8;PORTO ALEGRE;RS;06/2016;2.851;0;100;0;0;0;2.951;-1.643;0;0;0;-1.166;-2.809;142;0;165;-1.313;-1.042;-68;0;0;-423;-2.681;-2.539;-198;-2.737;-231;0;-2.968;0
COOPERATIVA DE CRÉDITO DE LIVRE ADMISSÃO DE CERES E RIALMA LTDA;9576849;;;;b3S;2;9;CERES;GO;06/2016;2.088;0;862;0;0;0;2.951;-779;0;0;0;-145;-924;2.026;90;74;-576;-516;-10;0;0;-24;-962;1.064;59;1.123;0;0;1.123;0
COOPERATIVA DE ECONOMIA E CRÉDITO MÚTUO DOS MILITARES ESTADUAIS DE SANTA CATARINA - CREDPOM;4572960;;;;b3S;2;9;FLORIANOPOLIS;SC;06/2016;2.030;0;905;0;0;0;2.935;-1.382;-1;0;0;-49;-1.432;1.504;95;41;-730;-769;-11;0;69;-111;-1.416;88;25;113;-22;0;92;0
COOPERATIVA DE CRÉDITO DE LIVRE ADMISSÃO DE ARAXÁ LTDA - SICOOB COOCREZ;71378426;;;;b3S;2;9;ARAXA;MG;06/2016;1.727;0;1.207;0;0;0;2.934;-769;0;0;0;-107;-876;2.058;88;297;-917;-638;-12;0;185;-85;-1.082;976;0;976;-11;0;966;0
COOPERATIVA DE CRÉDITO RURAL COM INTERAÇÃO SOLIDÁRIA DE GRANDES RIOS - CRESOL GRANDES RIOS;7925729;;;;b3S;2;9;GRANDES RIOS;PR;06/2016;2.270;0;642;0;0;0;2.912;-659;-419;0;0;-312;-1.390;1.522;135;212;-585;-618;1;0;26;-162;-993;529;-13;516;-5;-20;492;-72
BANCO DE LA NACION ARGENTINA;33042151;;;81270;b1;3;28;SAO PAULO;SP;06/2016;854;0;1.118;0;930;0;2.903;-126;-1.282;0;0;100;-1.307;1.596;344;17;-2.259;-1.699;-131;0;222;-310;-3.816;-2.220;240;-1.980;0;0;-1.980;0
COOPERATIVA DE CRÉDITO DOS SERVIDORES DA UNIÃO NO NORDESTE - SICREDI FEDERALCRED NE;3102185;;;;b3S;2;9;JOAO PESSOA;PB;06/2016;2.644;0;252;0;0;0;2.896;-443;-12;0;0;-157;-612;2.284;271;159;-1.328;-679;-10;0;198;-516;-1.904;380;0;380;0;0;380;0
BANCO CAPITAL S.A.;15173776;;;81641;b1;2;8;SALVADOR;BA;06/2016;656;0;2.238;0;0;0;2.894;-4;0;0;0;-306;-310;2.584;40;31;-1.467;-1.003;-141;0;3;0;-2.536;48;7;54;-170;0;-115;0
BBN BANCO BRASILEIRO DE NEGÓCIOS S.A.;10264663;RENDIMENTO;51468;80659;b1;2;8;SAO PAULO;SP;06/2016;0;0;2.880;0;0;0;2.880;0;0;0;0;0;0;2.880;0;0;0;-308;-134;0;0;0;-442;2.438;0;2.438;-365;0;2.073;-1.600
COOPERATIVA DE ECONOMIA E CRÉDITO MÚTUO DOS SERVIDORES DA JUSTIÇA DO ESTADO DE MINAS GERAIS LTDA. - SICOOB CREDJUS;4894460;;;;b3S;2;9;BELO HORIZONTE;MG;06/2016;2.316;0;548;0;0;0;2.864;-934;-106;0;0;-25;-1.065;1.799;38;0;-600;-278;-7;0;73;0;-774;1.025;0;1.025;-6;0;1.019;-371
AGÊNCIA DE FOMENTO DE ALAGOAS S.A.;10769660;;;81081;n1;1;30;MACEIO;AL;06/2016;873;0;1.990;0;0;0;2.862;0;-67;0;0;-81;-148;2.714;7;0;-1.590;-962;-134;0;734;-389;-2.334;380;0;380;-306;0;74;0
DEBONI DISTRIBUIDORA DE TITULOS E VALORES MOBILIARIOS LTDA;77162881;;;84150;n2;2;16;CURITIBA;PR;06/2016;0;0;0;0;2.862;0;2.862;0;0;0;0;0;0;2.862;0;0;-1.471;-1.174;-170;0;76;-15;-2.754;108;-84;24;-10;0;14;0
COOPERATIVA DE CRÉDITO RURAL COM INTERAÇAO SOLIDÁRIA DO VALE DAS ARAUCÁRIAS - CRESOL VALE DAS ARAUCÁRIAS;2483330;;;;b3S;2;9;TURVO;PR;06/2016;2.498;0;363;0;0;0;2.861;-256;-589;0;0;-791;-1.636;1.225;267;209;-812;-732;-1;0;73;-274;-1.271;-46;-5;-51;-4;-12;-66;0
COOPERATIVA DE CREDITO RURAL COM INTERACAO SOLIDARIA DE CHOPINZINHO - CRESOL CHOPINZINHO;2511232;;;;b3S;2;9;CHOPINZINHO;PR;06/2016;1.970;0;891;0;0;0;2.861;-663;-622;0;0;-364;-1.649;1.212;380;109;-552;-441;-1;0;93;-167;-579;633;-14;619;-6;-16;597;-158
BANCO CONFIDENCE DE CÂMBIO S.A.;11703662;CONFIDENCE;51671;80783;b2;2;39;SAO PAULO;SP;06/2016;0;0;1.826;1.034;0;0;2.861;0;0;0;-290;0;-290;2.570;0;0;-7.218;-26.354;-2.742;0;81.065;-47.380;-2.630;-60;206;146;-1.167;-249;-1.270;0
AGENCIA DE FOMENTO DO RIO GRANDE DO NORTE S.A.;3848103;;;81043;n1;1;30;NATAL;RN;06/2016;485;0;2.358;0;0;0;2.844;0;-80;0;0;-262;-342;2.501;1.813;0;-2.329;-1.385;-274;0;1.554;-1.029;-1.651;850;1;850;-473;0;376;0
COOPERATIVA DE CRÉDITO DE LIVRE ADMISSÃO DE ITAJUBÁ LTDA - SICOOB SUL DE MINAS;4079285;;;;b3S;2;9;ITAJUBA;MG;06/2016;2.022;0;812;0;0;0;2.834;-1.044;0;0;0;-392;-1.436;1.399;167;323;-665;-792;-29;0;120;-96;-972;427;-60;367;-2;-37;328;0
COOPERATIVA DE CRÉDITO DOS MÉDICOS E DEMAIS PROFISSIONAIS DA SAÚDE DE VITÓRIA DA CONQUISTA;2833202;;;;b3S;2;9;VITORIA DA CONQUISTA;BA;06/2016;1.910;0;916;0;0;0;2.826;-676;0;0;0;-900;-1.576;1.250;178;55;-492;-794;-1;0;9;-7;-1.052;198;8;206;0;0;206;0
COOPERATIVA DE CRÉDITO RURAL COM INTERAÇÃO SOLIDÁRIA DE XAXIM-CRESOL XAXIM;3965737;;;;b3S;2;9;XAXIM;SC;06/2016;2.156;0;669;0;0;0;2.825;-984;-402;0;0;-359;-1.744;1.081;170;170;-600;-647;-1;0;146;-437;-1.199;-118;63;-55;-6;-16;-77;0
SOCIALCRED S/A - SOCIEDADE DE CRÉDITO AO MICROEMPREENDEDOR E À EMPRESA DE PEQUENO PORTE;4316357;;;83027;n1;2;10;RIO DE JANEIRO;RJ;06/2016;2.824;0;0;0;0;0;2.824;0;-256;0;0;-273;-529;2.295;324;0;-734;-807;-135;0;0;-113;-1.464;831;5;836;-217;0;618;-281
COOPERATIVA DE CRÉDITO RURAL COM INTERAÇÃO SOLIDÁRIA DE LARANJEIRAS DO SUL - CRESOL LARANJEIRAS DO SUL;1086342;;;;b3S;2;9;LARANJEIRAS DO SUL;PR;06/2016;2.372;0;446;0;0;0;2.818;-269;-683;0;0;-2.083;-3.036;-218;316;190;-763;-633;-2;0;64;-379;-1.208;-1.426;-26;-1.452;1;0;-1.453;0
COOPERATIVA DE CRÉDITO MÚTUO DOS DESPACHANTES DE TRÂNSITO DE SANTA CATARINA E RIO GRANDE DO SUL - SICOOB CREDITRAN;4715685;;;;b3S;2;9;FLORIANOPOLIS;SC;06/2016;2.301;0;517;0;0;0;2.818;-1.300;-4;0;0;-107;-1.411;1.407;49;2.871;-1.382;-2.312;-8;0;0;-69;-851;556;27;582;-15;0;567;-183
COOPERATIVA DE CREDITO RURAL COM INTERACAO SOLIDARIA DE SARANDI-CRESOL SARANDI;5220243;;;;b3S;2;9;SARANDI;RS;06/2016;2.320;0;470;0;0;0;2.790;-930;-365;0;0;145;-1.150;1.639;161;63;-653;-688;-34;0;101;-292;-1.342;298;934;1.232;-33;0;1.199;0
INTL FCSTONE DISTRIBUIDORA DE TÍTULOS E VALORES MOBILIÁRIOS LTDA.;62090873;;;84088;n2;3;16;SAO PAULO;SP;06/2016;0;0;443;-7;2.353;0;2.789;0;0;0;0;0;0;2.789;1.829;0;-1.819;-1.432;-239;0;4;0;-1.656;1.133;-449;683;-194;-436;54;0
GRAZZIOTIN FINANCIADORA S/A - CRÉDITO, FINANCIAMENTO E INVESTIMENTOS;6339468;;;83481;n1;2;14;PASSO FUNDO;RS;06/2016;2.413;0;371;0;0;0;2.784;-233;0;0;0;-63;-297;2.488;0;12;-539;-166;-130;0;62;0;-761;1.726;0;1.726;-762;0;964;0
COOPERATIVA DE CRÉDITO DE LIVRE ADMISSÃO DE ASSOCIADOS DE JARAGUÁ DO SUL E REGIÃO - SICOOB CEJASCRED;12384953;;;;b3S;2;9;JARAGUA DO SUL;SC;06/2016;1.761;0;1.014;0;0;0;2.775;-1.129;1;0;0;-871;-2.001;774;221;204;-443;-449;-9;0;87;-51;-439;335;-2;332;-13;0;320;-168
BEXS CORRETORA DE CÂMBIO S/A;52937216;BEXS;51743;80862;n2;2;21;SAO PAULO;SP;06/2016;0;0;21;0;2.748;0;2.769;0;0;0;0;13;13;2.781;18;0;-1.253;-1.750;-131;0;249;-372;-3.240;-459;0;-459;453;0;-5;0
COOPERATIVA DE ECONOMIA E CRÉDITO MÚTUO DOS MÉDICOS E PROFISSIONAIS DA SAÚDE DA REGIÃO DE CARATINGA, MANHUAÇU E CARANGOLA LTDA. - SICOOB PROFISSIONAIS DA SAÚDE;71261184;;;;b3S;2;9;CARATINGA;MG;06/2016;1.715;0;1.034;0;0;0;2.749;-1.306;-21;0;0;-88;-1.415;1.334;159;68;-634;-640;-20;0;174;-34;-927;407;1;408;-16;-10;382;0
COOPERATIVA DE CRÉDITO RURAL COM INTERAÇÃO SOLIDÁRIA DE SÃO JOÃO DO TRIUNFO - CRESOL SÃO JOÃO DO TRIUNFO;8560508;;;;b3S;2;9;SAO JOAO DO TRIUNFO;PR;06/2016;2.206;0;537;0;0;0;2.743;-335;-499;0;0;31;-803;1.941;150;221;-376;-383;1;0;39;-387;-737;1.203;-14;1.190;-7;-13;1.169;0
COOPERATIVA DE CRÉDITO MÚTUO DOS POLICIAIS FEDERAIS E SERVIDORES DA UNIÃO NO CEARÁ - SICOOB CEARÁ;3620772;;;;b3S;2;9;FORTALEZA;CE;06/2016;2.495;0;234;0;0;0;2.730;-670;-157;0;0;-155;-981;1.748;39;100;-781;-636;-10;0;98;-73;-1.263;485;6;491;-4;0;487;0
COOPERATIVA DE CRÉDITO MÚTUO DOS ESCRIVÃES, NOTÁRIOS E REGISTRADORES NO ESTADO DO PARANÁ - SICREDI CREDENOREG PR.;6078926;;;;b3S;2;9;CURITIBA;PR;06/2016;1.091;0;1.626;0;0;0;2.716;-1.409;-11;0;0;-300;-1.720;996;286;93;-387;-316;-6;0;36;-265;-558;438;0;438;-9;0;430;0
SUL AMERICA INVESTIMENTOS DISTRIBUIDORA DE TITULOS E VALORES MOBILIARIOS S.A.;32206435;;;84026;n2;3;16;SAO PAULO;SP;06/2016;0;0;2.681;0;0;0;2.681;0;0;0;0;0;0;2.681;13.411;0;-5.580;-4.623;-936;5.801;1.881;-1.212;8.743;11.424;4;11.428;-3.154;-247;8.028;0
COOPERATIVA DE ECONOMIA E CRÉDITO MÚTUO DOS EMPREGADOS DO GRUPO FEMSA BRASIL;43488782;;;;b3S;2;9;SAO PAULO;SP;06/2016;2.399;0;280;0;0;0;2.678;0;0;0;0;-121;-121;2.558;0;0;-532;-274;-16;0;0;0;-822;1.736;0;1.736;-9;0;1.726;-1.284
COOPERATIVA DE CRÉDITO DE LIVRE ADMISSÃO DE ARCOS LTDA. - SICOOB ARCOMCREDI;71230338;;;;b3S;2;9;ARCOS;MG;06/2016;2.081;0;591;0;0;0;2.671;-933;0;0;0;-793;-1.727;945;228;283;-814;-887;-10;0;74;-61;-1.186;-242;2;-240;-18;0;-258;0
COOPERATIVA DE ECONOMIA E CRÉDITO MÚTUO DOS MÉDICOS E DEMAIS PROFISSIONAIS DA SAÚDE DE TEÓFILO OTONI LTDA.;1709266;;;;b3S;2;9;TEOFILO OTONI;MG;06/2016;2.227;0;423;0;0;0;2.650;-983;0;0;0;-91;-1.074;1.575;230;88;-651;-918;-3;0;14;-16;-1.256;319;2;322;-2;0;320;0
COOPERATIVA DE ECONOMIA E CRÉDITO MÚTUO DOS EMPRESÁRIOS DE RIO CLARO - SICOOB CREDIACIRC;9527069;;;;b3S;2;9;RIO CLARO;SP;06/2016;1.966;0;681;0;0;0;2.647;-793;0;0;0;-115;-908;1.739;244;218;-656;-699;-7;0;61;-91;-931;808;-11;797;-13;0;784;0
COOPERATIVA DE CREDITO DE LIVRE ADMISSAO DO VALE DO ARAGUAIA - SICOOB ARAGUAIA;5244177;;;;b3S;2;9;BARRA DO GARCAS;MT;06/2016;2.138;0;493;0;0;0;2.632;-775;0;0;0;-190;-965;1.667;216;386;-827;-939;-9;0;126;-78;-1.124;543;8;550;-5;0;545;0
COOPERATIVA DE CRÉDITO RURAL COM INTERAÇÃO SOLIDÁRIA DO NOROESTE CAPIXABA   CRESOL NOROESTE CAPIXABA;7475376;;;;b3S;2;9;COLATINA;ES;06/2016;2.438;0;188;0;0;0;2.627;-365;-287;0;0;-1.782;-2.434;193;177;296;-635;-569;0;0;31;-295;-996;-803;-25;-827;0;0;-828;0
COOPERATIVA DE CRÉDITO RURAL COM INTERAÇÃO SOLIDÁRIA CÂNDIDO DE ABREU - CRESOL CÂNDIDO DE ABREU;6100881;;;;b3S;2;9;CANDIDO DE ABREU;PR;06/2016;2.068;0;546;0;0;0;2.614;-390;-657;0;0;-367;-1.414;1.200;413;151;-725;-659;-2;0;46;-369;-1.144;56;4;60;-2;-24;34;-29
COOPERATIVA DE ECONOMIA E CRÉDITO MÚTUO DOS SERVIDORES PÚBLICOS FEDERAIS DO MUNICÍPIO DE UBERABA E SUAS FUNDAÇÕES - SICOOB - CREDIMED LTDA.;71336432;;;;b3S;2;9;UBERABA;MG;06/2016;1.649;0;956;0;0;0;2.605;-1.102;0;0;0;-74;-1.176;1.429;76;43;-858;-512;-17;0;143;-35;-1.160;269;0;269;-14;-20;235;0
COOPERATIVA DE CREDITO RURAL COM INTERACAO SOLIDARIA DE JAGUARUNA-CRESOL JAGUARUNA;5410056;;;;b3S;2;9;JAGUARUNA;SC;06/2016;2.170;0;433;0;0;0;2.603;-854;-104;0;0;-603;-1.561;1.042;118;84;-566;-561;0;0;0;-100;-1.025;17;2;19;0;0;19;0
COOPERATIVA DE CRÉDITO MÚTUO DOS PROFESSORES E FUNCIONÁRIOS DA UNIVERSIDADE DE CAXIAS DO SUL - SICREDI COOPERUCS;4525997;;;;b3S;2;9;CAXIAS DO SUL;RS;06/2016;1.945;0;656;0;0;0;2.601;-765;-28;0;0;-309;-1.102;1.498;178;74;-608;-275;-6;0;74;-411;-975;523;0;524;-11;0;512;0
COOPERATIVA DE ECONOMIA E CRÉDITO MÚTUO DOS EMPREGADOS DO GRUPO SCHAEFFLER;62284385;;;;b3S;2;9;SOROCABA;SP;06/2016;2.059;0;537;0;0;0;2.596;0;0;0;0;2;2;2.597;0;0;-164;-138;-26;0;0;0;-328;2.270;0;2.270;-163;0;2.106;0
BRKB DISTRIBUIDORA DE TÍTULOS E VALORES MOBILIÁRIOS S.A.;33923111;BROOKFIELD;50885;80453;n2;3;16;RIO DE JANEIRO;RJ;06/2016;0;0;2.583;0;0;0;2.583;0;0;0;0;0;0;2.583;298;0;-19;-1.587;-140;-10;0;-386;-1.844;739;-175;564;-169;0;395;0
BANCO INVESTCRED UNIBANCO S.A.;61182408;ITAU;10069;80099;b1;2;2;SAO PAULO;SP;06/2016;0;0;2.568;0;0;0;2.568;0;0;0;0;0;0;2.568;0;0;0;-91;-119;0;17;1;-194;2.374;0;2.374;-1.056;0;1.318;0
COOPERATIVA DE CRÉDITO DE LIVRE ADMISSÃO DO CIRCUITO DAS MALHAS LTDA. - SICOOB CREDMALHAS;3941182;;;;b3S;2;9;MONTE SIAO;MG;06/2016;2.207;0;355;0;0;0;2.562;-485;-103;0;0;-327;-914;1.648;82;248;-860;-702;-20;0;82;-74;-1.244;404;-57;347;0;0;347;0
AGÊNCIA DE FOMENTO DO ESTADO DO TOCANTINS S.A.;5474540;;;81122;n1;1;30;PALMAS;TO;06/2016;2.044;0;514;0;0;0;2.558;0;-2;0;0;-1.460;-1.462;1.096;0;28;-1.548;-1.216;-121;0;17;-25;-2.864;-1.768;0;-1.768;0;0;-1.768;0
AMARIL FRANKLIN CORRETORA DE TÍTULOS E VALORES LTDA;17312661;;;82516;n2;2;15;BELO HORIZONTE;MG;06/2016;0;0;2.412;0;141;0;2.553;0;0;0;0;0;0;2.553;415;518;-1.243;-1.108;0;0;2;0;-1.416;1.137;0;1.137;-431;0;706;-90
COOPERATIVA DE CRÉDITO DE LIVRE ADMISSÃO DO CENTRO OESTE PANTANEIRO - SICOOB FEDERAL;37497245;;;;b3S;2;9;CUIABA;MT;06/2016;2.340;0;210;0;0;0;2.550;-393;-19;0;0;-1.051;-1.463;1.088;202;275;-1.209;-1.305;-17;0;355;-175;-1.872;-784;-8;-792;-6;0;-798;0
COOPERATIVA DE CRÉDITO MÚTUO DOS DENTISTAS E DEMAIS PROFISSIONAIS DA SAÚDE DE SÃO CARLOS - SICREDI SÃO CARLOS SP;4853988;;;;b3S;2;9;SAO CARLOS;SP;06/2016;2.216;0;332;0;0;0;2.548;-601;-17;0;0;-661;-1.279;1.269;219;228;-606;-478;-7;0;61;-567;-1.150;119;2;121;-9;0;112;0
COOPERATIVA DE POUPANÇA E CRÉDITO DE LIVRE ADMISSÂO DE ASSOCIADOS DAS REGIÕES NORTE E NORDESTE DO PARÁ - SICOOB UNIDAS;1042487;;;;b3S;2;9;BELEM;PA;06/2016;2.330;0;207;0;0;0;2.537;-146;0;0;0;-455;-601;1.936;467;134;-1.973;-849;-40;0;110;-101;-2.253;-317;50;-266;-23;0;-289;0
COOPERATIVA DE CRÉDITO RURAL DE SÃO MIGUEL DO OESTE - SULCREDI/SÃO MIGUEL;8253539;;;;b3S;2;9;SAO MIGUEL D'OESTE;SC;06/2016;2.426;0;109;0;0;0;2.535;-1.052;-44;0;0;-294;-1.389;1.146;1;63;-664;-699;0;0;83;-139;-1.354;-209;-11;-220;-4;0;-224;0
COOPERATIVA DE ECONOMIA E CREDITO MUTUO  DOS CORRETORES DE SEGUROS DE PORTO ALEGRE;2999687;;;;b3S;2;9;PORTO ALEGRE;RS;06/2016;1.525;0;1.006;0;0;0;2.531;-1.094;0;0;0;-125;-1.219;1.312;25;104;-661;-533;-1;0;6;-18;-1.078;233;-8;225;-5;0;220;0
COOPERATIVA DE CRÉDITO DE LIVRE ADMISSÃO DE DORES DO INDAIÁ LTDA. - SICOOB CREDINDAIÁ;71069587;;;;b3S;2;9;DORES DO INDAIA;MG;06/2016;1.502;0;1.021;0;0;0;2.523;-939;-146;0;0;-122;-1.208;1.315;110;61;-703;-421;-11;0;135;-100;-930;385;-2;383;-15;0;368;0
COOPERATIVA DE CRÉDITO RURAL COM INTERAÇÃO SOLIDÁRIA DE HUMAITÁ - CRESOL HUMAITÁ;5983995;;;;b3S;2;9;HUMAITA;RS;06/2016;1.703;0;806;0;0;0;2.509;-1.104;-171;0;0;138;-1.137;1.372;245;17;-652;-803;0;0;96;-306;-1.402;-30;24;-6;0;0;-6;0
COOPERATIVA DE CRÉDITO RURAL DO EXTREMO OESTE DE SÃO PAULO;5463934;;;;b3S;2;9;VOTUPORANGA;SP;06/2016;1.612;0;865;0;0;0;2.477;-490;-85;0;0;-256;-830;1.646;140;127;-713;-711;-8;0;173;-81;-1.073;573;0;573;-9;0;564;0
COOPERATIVA DE ECONOMIA E CREDITO MUTUO DOS MEDICOS E DEMAIS PROFISSIONAIS DA SAUDE DE JOACABA;2853045;;;;b3S;2;9;JOACABA;SC;06/2016;681;0;1.795;0;0;0;2.475;-1.230;0;0;0;2;-1.228;1.247;0;0;-103;-138;0;0;0;-28;-269;978;0;978;0;0;978;0
COOPERATIVA DE CREDITO DE LIVRE ADMISSÃO DE SAO GONÇALO DO PARA LTDA - SICOOB CREDISAOGONÇALO;41683228;;;;b3S;2;9;SAO GONCALO DO PARA;MG;06/2016;1.143;0;1.329;0;0;0;2.473;-897;-13;0;0;-96;-1.006;1.467;214;205;-742;-779;-15;0;185;-111;-1.044;423;-18;405;-20;-22;363;-62
COOPERATIVA DE ECONOMIA E CRÉDITO MÚTUO DOS FUNCIONÁRIOS DA ABRIL;43438662;;;;b3S;2;9;SAO PAULO;SP;06/2016;2.132;0;333;0;0;0;2.465;0;0;0;0;-279;-280;2.185;0;0;-463;-576;-18;0;0;-44;-1.101;1.084;0;1.084;-124;0;960;0
COOPERATIVA DE ECONOMIA E CRÉDITO MÚTUO DE LIVRE ADMISSÃO DE ARARAQUARA E REGIÃO - SICOOB;53236808;;;;b3S;2;9;ARARAQUARA;SP;06/2016;2.100;0;348;0;0;0;2.448;-728;0;0;0;-666;-1.394;1.054;219;274;-1.113;-1.243;-10;0;114;-135;-1.895;-840;14;-827;-7;0;-833;0
LABOR SOCIEDADE CORRETORA DE CÂMBIO LTDA.;6132348;;;82073;n2;2;21;RECIFE;PE;06/2016;0;0;0;0;2.435;0;2.435;0;0;0;0;0;0;2.435;167;0;-656;-1.769;-132;0;61;0;-2.330;105;0;105;-42;0;63;0
COOPERATIVA DE ECONOMIA E CRÉDITO MÚTUO DOS SERVIDORES PÚBLICOS FEDERAIS DE UBERLÂNDIA LTDA.;65308447;;;;b3S;2;9;UBERLANDIA;MG;06/2016;2.289;0;139;0;0;0;2.428;-156;-58;0;0;-104;-318;2.110;90;84;-850;-709;-7;0;134;-43;-1.301;809;1;808;-9;0;799;0
COOPERATIVA DE CRÉDITO MÚTUO E SERVIÇOS FINANCEIROS DOS EMPREGADOS DO SISTEMA FINANCEIRO E DOS CONTABILISTAS NO ESTADO DO PARANÁ;5097757;;;;b3S;2;9;CURITIBA;PR;06/2016;2.126;0;286;0;0;0;2.412;-484;0;0;0;-262;-747;1.665;0;0;-639;-287;0;0;0;-12;-938;728;0;728;0;0;728;-508
BANCO INDUSCRED DE INVESTIMENTO S.A.;33588252;;;81342;b2;2;13;SAO PAULO;SP;06/2016;1.854;0;550;0;0;0;2.403;-294;0;0;0;-1.808;-2.102;302;0;0;-311;-1.099;-98;0;6;0;-1.503;-1.201;0;-1.201;-261;0;-1.462;0
COOPERATIVA DE ECONOMIA E CRÉDITO MÚTUO DOS SERVIDORES PÚBLICOS NO ESTADO DO ACRE   SICOOB ACRE;3528402;;;;b3S;2;9;RIO BRANCO;AC;06/2016;2.278;0;125;0;0;0;2.403;-53;-370;0;0;-245;-668;1.735;100;117;-637;-957;-9;0;105;-53;-1.334;401;0;401;-10;0;391;-246
SICREDI CRATEÚS - COOPERATIVA DE CRÉDITO DE PEQUENOS EMPRESÁRIOS, MICROEMPRESÁRIOS E MICROEMPREENDEDORES DA REGIÃO DE CRATEÚS;68389;;;;b3S;2;9;CRATEUS;CE;06/2016;1.665;0;736;0;0;0;2.401;-858;0;0;0;49;-809;1.592;22;135;-479;-379;-1;0;62;-239;-879;713;0;713;0;0;713;0
CREDSEF - COOPERATIVA DE ECONOMIA E CRÉDITO MÚTUO DOS SERVIDORES DA SECRETARIA DE FAZENDA DO DISTRITO FEDERAL;3603683;;;;b3S;2;9;BRASILIA;DF;06/2016;1.339;0;1.038;0;0;0;2.378;-1.014;-116;0;0;-24;-1.154;1.224;3;11;-402;-344;-1;134;7;-41;-634;589;0;589;0;0;589;-194
COOPERATIVA DE ECONOMIA E CRÉDITO MÚTUO DOS FUNCIONÁRIOS E PRESTADORES DE SERVIÇOS DA COCRED-COPERCANA-CANAOESTE - SICOOB CRED COPERCANA;64739121;;;;b3S;2;9;SERTAOZINHO;SP;06/2016;1.247;0;1.123;0;0;0;2.370;-887;0;0;0;-129;-1.016;1.354;89;184;-389;-453;-2;0;90;-40;-523;831;0;831;-4;0;827;0
COOPERATIVA DE CRÉDITO DE LIVRE ADMISSÃO DO VALE RIO CRIXÁS LTDA.;7108146;;;;b3S;2;9;CRIXAS;GO;06/2016;2.035;0;333;0;0;0;2.367;-368;-85;0;0;-384;-838;1.530;61;167;-800;-668;-2;0;65;-59;-1.236;294;0;294;-6;0;288;0
COOPERATIVA DE ECONOMIA E CRÉDITO MÚTUO DOS EMPRESÁRIOS DE AMERICANA, LIMEIRA E REGIÃO - SICOOB ACICRED;9579249;;;;b3S;2;9;AMERICANA;SP;06/2016;1.709;0;654;0;0;0;2.363;-734;0;0;0;-320;-1.054;1.308;236;439;-558;-755;-5;0;114;-81;-610;698;-5;694;-2;0;692;0
INTERCAM CORRETORA DE CÂMBIO LTDA.;34265629;;;81926;n2;2;21;SAO BERNARDO DO CAMPO;SP;06/2016;0;0;238;130;1.995;0;2.363;0;0;0;0;0;0;2.363;5.404;0;-3.249;-3.494;-547;0;1;-8;-1.893;470;0;470;-192;0;278;0
COOPERATIVA DE CREDITO RURAL COM INTERACAO SOLIDARIA DE PITANGA - CRESOL PITANGA;2645093;;;;b3S;2;9;PITANGA;PR;06/2016;2.081;0;281;0;0;0;2.362;-267;-495;0;0;-250;-1.012;1.350;244;156;-532;-620;-2;0;45;-442;-1.151;199;0;198;-3;-17;178;0
COOPERATIVA DE CRÉDITO MÚTUO DOS COMERCIANTES DE VEÍCULOS, PEÇAS E ACESSÓRIOS PARA VEÍCULOS DE CURITIBA E REGIÃO - SICREDI SINCOCRED PR;7070495;;;;b3S;2;9;CURITIBA;PR;06/2016;1.433;0;926;0;0;0;2.358;-908;-12;0;0;-194;-1.115;1.244;391;209;-582;-367;-8;0;30;-444;-771;472;14;486;-8;0;478;0
COOPERATIVA DE ECONOMIA E CRÉDITO MÚTUO DAS FORÇAS ARMADAS, DO CORPO DE BOMBEIROS E POLÍCIA MILITAR DO DISTRITO FEDERAL LTDA. - SICOOB CABECRED;4649337;;;;b3S;2;9;BRASILIA;DF;06/2016;2.307;0;38;0;0;0;2.345;-30;-1.261;0;0;-17;-1.308;1.037;25;12;-383;-513;-1;289;5;-44;-610;427;-1;425;0;0;425;0
COOPERATIVA DE CRÉDITO RURAL COM INTERAÇÃO SOLIDÁRIA DE WITMARSUM - CRESOL WITMARSUM;7465539;;;;b3S;2;9;WITMARSUM;SC;06/2016;1.663;0;682;0;0;0;2.345;-896;-86;0;0;-4;-987;1.358;122;8;-390;-337;0;0;58;-131;-670;688;-30;658;-2;0;656;0
COOPERATIVA DE CREDITO RURAL COM INTERACAO SOLIDARIA DE VERE - CRESOL VERE;3348165;;;;b3S;2;9;VERE;PR;06/2016;1.294;0;1.049;0;0;0;2.344;-658;-659;0;0;-49;-1.367;977;380;85;-293;-265;0;0;64;-125;-155;822;-10;813;-4;-8;801;-99
COOPERATIVA DE CRÉDITO MÚTUO DOS INTEGRANTES DA DEFENSORIA PÚBLICA DO ESTADO DO RIO DE JANEIRO LIMITADA - COODPERJ;9720794;;;;b3S;2;9;RIO DE JANEIRO;RJ;06/2016;1.448;0;895;0;0;0;2.343;-1.220;0;0;0;-402;-1.622;720;13;0;-315;-392;-3;0;76;-40;-662;58;1;58;-3;0;55;-206
COOPERATIVA DE CREDITO RURAL COM INTERACAO SOLIDARIA DE PRANCHITA - CRESOL PRANCHITA;3190530;;;;b3S;2;9;PRANCHITA;PR;06/2016;2.056;0;265;0;0;0;2.321;-268;-268;0;0;-412;-948;1.373;164;63;-224;-237;0;0;55;-442;-621;752;-12;740;-4;-8;729;0
COOPERATIVA DE CRÉDITO DE LIVRE ADMISSÃO DE ASSOCIADOS DE DORES DO INDAIÁ LTDA - COOPCREDI;2254376;;;;b3S;2;9;DORES DO INDAIA;MG;06/2016;1.836;0;470;0;0;0;2.306;-791;-91;0;0;-124;-1.005;1.300;190;71;-477;-573;-7;0;187;-48;-656;644;-1;643;-13;0;630;0
COOPERATIVA DE ECONOMIA E CRÉDITO MÚTUO DOS EMPREGADOS DA CBMM LTDA.;18140913;;;;b3S;2;9;ARAXA;MG;06/2016;2.165;0;140;0;0;0;2.305;0;0;0;0;-51;-51;2.254;0;0;-121;-186;-7;0;0;-1;-315;1.938;0;1.938;-45;-65;1.828;-426
BIORC FINANCEIRA - CRÉDITO, FINANCIAMENTO E INVESTIMENTO S.A.;11285104;;;83663;n1;2;14;FLORIANOPOLIS;SC;06/2016;2.231;0;72;0;0;0;2.303;-222;0;0;0;-442;-663;1.640;0;152;-537;-568;-108;0;0;-6;-1.067;573;1;572;-393;-3;176;0
COOPERATIVA DE ECONOMIA E CRÉDITO MÚTUO DOS MÉDICOS E DEMAIS PROFISSIONAIS DA ÁREA DE SAÚDE DA REGIÃO DE RIBEIRÃO PRETO - MEDCRED DE RIBEIRÃO PRETO;3575699;;;;b3S;2;9;RIBEIRAO PRETO;SP;06/2016;1.120;0;1.174;0;0;0;2.293;-1.104;0;0;0;-11;-1.115;1.179;66;33;-681;-427;-8;0;0;-111;-1.127;51;0;51;-8;0;43;0
FAMÍLIA PAULISTA COMPANHIA HIPOTECÁRIA;53146221;;;83429;n1;2;29;SANTOS;SP;06/2016;166;0;1.422;0;0;702;2.290;-1.574;0;0;0;1;-1.573;717;43;0;-850;-2.141;-158;0;2.442;-59;-723;-6;205;199;-55;0;144;0
COOPERATIVA DE CREDITO RURAL DE RIO RUFINO - SICOOB/SC CREDIUNIÃO;2448839;;;;b3S;2;9;RIO RUFINO;SC;06/2016;1.956;0;317;0;0;0;2.272;-531;-159;0;0;-116;-806;1.467;82;98;-653;-623;-6;0;1;-75;-1.177;290;6;296;-10;0;285;0
LLA - DISTRIBUIDORA DE TÍTULOS E VALORES MOBILIÁRIOS LTDA.;67600379;ANDBANK;51949;81256;n2;3;16;SAO PAULO;SP;06/2016;0;0;2.271;0;0;0;2.271;0;0;0;0;0;0;2.271;2.663;5;-1.771;-1.946;-318;0;10;-5;-1.361;910;0;910;-275;0;635;0
COOPERUFPA - COOPERATIVA DE ECONOMIA E CRÉDITO MÚTUO DOS SERVIDORES DO MINISTÉRIO DA EDUCAÇÃO NO ESTADO DO PARÁ;83325811;;;;b3S;2;9;BELEM;PA;06/2016;1.781;0;484;0;0;0;2.264;-52;0;0;0;-624;-676;1.588;453;0;-1.094;-173;-4;0;0;0;-818;770;0;770;-102;-154;514;0
SICREDI COOMAMP - COOPERATIVA DE CRÉDITO DOS MEMBROS DE INSTITUIÇÕES PÚBLICAS DAS CARREIRAS JURÍDICAS E DOS SERVIDORES PÚBLICOS FEDERAIS, ESTADUAIS E MUNICIPAIS EM SÃO LUÍS/MA E MUNICÍPIOS CIRCUNVIZIN;5545390;;;;b3S;2;9;SAO LUIS;MA;06/2016;2.122;0;141;0;0;0;2.263;-467;-316;0;0;-297;-1.080;1.183;13;37;-377;-308;-1;2;73;-186;-747;436;-15;421;0;0;421;0
CONECTA CORRETORA DE CÂMBIO LTDA.;18287740;;;82406;n2;2;21;SALVADOR;BA;06/2016;0;0;0;0;2.252;0;2.252;0;0;0;0;0;0;2.252;0;0;-219;-2.276;-105;0;0;0;-2.600;-348;0;-348;0;0;-348;-51
COOPERATIVA DE ECONOMIA E CRÉDITO MÚTUO DOS MAGISTRADOS, MEMBROS DO MINISTÉRIO PÚBLICO, DEFENSORES PÚBLICOS E SERVIDORES DO PODER JUDICIÁRIO NO ESTADO DO CEARÁ - SICREDI COOPERJURIS;8041950;;;;b3S;2;9;FORTALEZA;CE;06/2016;1.901;0;348;0;0;0;2.248;-681;-450;0;0;-21;-1.152;1.096;4;9;-260;-178;0;0;38;-203;-590;506;2;508;0;-30;478;0
COOPERATIVA DE CREDITO RURAL COM INTERACAO SOLIDARIA DE NOVA PRATA DO IGUACU - CRESOL NOVA PRATA DO IGUACU;3014407;;;;b3S;2;9;NOVA PRATA DO IGUACU;PR;06/2016;1.773;0;472;0;0;0;2.245;-260;-526;0;0;-35;-821;1.424;296;107;-395;-291;-1;0;74;-199;-408;1.016;-18;998;-9;-8;980;-90
COOPERATIVA DE CRÉDITO RURAL COM INTERAÇÃO SOLIDÁRIA DE CURITIBANOS - CRESOL CURITIBANOS;1155801;;;;b3S;2;9;CURITIBANOS;SC;06/2016;1.646;0;591;0;0;0;2.238;-629;-86;0;0;-482;-1.198;1.040;162;26;-472;-383;0;0;175;-403;-894;145;-80;65;0;0;65;0
COOPERATIVA DE CREDITO RURAL COM INTERACAO SOLIDARIA DE SAO JORGE D'OESTE - CRESOL SAO JORGE D'OESTE;2934201;;;;b3S;2;9;SAO JORGE D'OESTE;PR;06/2016;1.496;0;721;0;0;0;2.217;-483;-592;0;0;-154;-1.229;988;331;123;-455;-323;1;0;83;-148;-391;597;-11;587;-4;-17;565;-104
COOPERATIVA ECONOMIA CRÉDITO MÚTUO SERVIDORES E EMPREGADOS MUNIC PREF MUNIC BELO HORIZONTE BETIM BRUMADINHO CONTAGEM IBIRITÉ NOVA LIMA RIBEIRÃO DAS NEVES SABARÁ SANTA LUZIA VESPASIANO SICOOB CREDISERV;1864151;;;;b3S;2;9;BELO HORIZONTE;MG;06/2016;2.105;0;98;0;0;0;2.202;-324;-16;0;0;-73;-413;1.789;12;0;-595;-466;-3;0;114;-47;-986;803;0;803;-2;0;801;0
DOMUS COMPANHIA HIPOTECÁRIA;10372647;;;81861;n1;2;29;RIO DE JANEIRO;RJ;06/2016;1.476;0;717;0;0;0;2.193;-446;0;0;0;-16;-462;1.731;1.072;0;-753;-2.374;-133;0;1;-651;-2.839;-1.108;159;-949;0;0;-949;0
PAX CORRETORA DE VALORES E CÂMBIO S/A;6979363;;;82695;n2;2;15;FORTALEZA;CE;06/2016;0;0;2.184;0;0;0;2.184;0;0;0;0;0;0;2.184;197;0;-701;-639;-121;0;8;-5;-1.261;923;0;923;-170;0;753;0
BANCO ITAÚ VEÍCULOS S.A.;61190658;ITAU;10069;80099;b2;2;8;SAO PAULO;SP;06/2016;0;0;2.175;0;0;0;2.175;0;0;0;0;0;0;2.175;0;0;0;-272;-101;0;0;-546;-919;1.257;0;1.257;-625;0;631;0
COOPERATIVA DE CRÉDITO RURAL COM INTERAÇÃO SOLIDÁRIA DE GUARANI DAS MISSÕES - CRESOL GUARANI DAS MISSÕES;8488377;;;;b3S;2;9;GUARANI DAS MISSOES;RS;06/2016;1.748;0;406;0;0;0;2.154;-511;-330;0;0;303;-538;1.616;192;13;-560;-577;0;0;117;-457;-1.273;343;-254;89;0;0;89;0
COOPERATIVA DE CRÉDITO DE LIVRE ADMISSÃO DA REGIÃO DE GUAXUPÉ LTDA. - SICOOB ACICREDI;1699652;;;;b3S;2;9;GUAXUPE;MG;06/2016;1.544;0;609;0;0;0;2.153;-528;0;0;0;-175;-703;1.451;185;325;-851;-820;-7;0;73;-61;-1.154;296;15;312;-20;0;292;0
COOPERATIVA DE CREDITO RURAL COM INTERACAO SOLIDARIA DE PINHAO - CRESOL PINHAO;1276398;;;;b3S;2;9;PINHAO;PR;06/2016;1.764;0;380;0;0;0;2.144;-220;-432;0;0;-495;-1.147;998;124;178;-585;-446;-2;0;17;-449;-1.163;-166;21;-145;1;0;-146;0
LEROSA S.A. CORRETORA DE VALORES E CAMBIO;61973863;;;82633;n2;2;15;SAO PAULO;SP;06/2016;0;0;1.610;424;107;0;2.141;0;0;0;0;0;0;2.141;2.033;780;-2.785;-3.385;-454;0;74;1;-3.738;-1.597;0;-1.597;0;0;-1.597;0
BANCO KOMATSU DO BRASIL S.A.;23903068;;;84576;b2;3;8;SAO PAULO;SP;06/2016;47;0;2.089;0;0;0;2.136;0;0;0;0;-58;-58;2.077;21;0;-4.213;-928;-101;0;1;0;-5.221;-3.143;0;-3.143;1.557;-317;-1.903;0
COLUNA S/A. DISTRIBUIDORA DE TITULOS E VALORES MOBILIÁRIOS;460065;;;83728;n2;2;16;RIO DE JANEIRO;RJ;06/2016;0;0;2.135;0;0;0;2.135;0;0;0;-760;0;-760;1.375;362;0;-640;-2.037;-173;0;296;-118;-2.310;-935;-82;-1.018;0;0;-1.018;0
COOPERATIVA DE ECONOMIA E CRÉDITO MÚTUO DOS EMPREGADOS DAS INSTITUIÇÕES DE ENSINO SUPERIOR DO SUL DE MINAS LTDA. - CREDFENAS;2414044;;;;b3S;2;9;ALFENAS;MG;06/2016;524;0;1.610;0;0;0;2.134;-1.348;0;0;0;-40;-1.388;747;17;12;-287;-297;-4;0;56;-8;-511;236;-4;231;-2;0;229;0
COOPERATIVA DE ECONOMIA E CRÉDITO MÚTUO DOS EMPREGADOS DA CENTRAIS ELÉTRICAS DE SANTA CATARINA - CREDELESC;8850613;;;;b3S;2;9;FLORIANOPOLIS;SC;06/2016;1.450;0;678;0;0;0;2.128;-908;-4;0;0;-373;-1.285;843;212;65;-308;-522;-1;0;1;-69;-622;221;0;221;0;-7;214;0
COOPERATIVA DE ECONOMIA E CRÉDITO MÚTUO DOS FUNCIONÁRIOS DA FUNDACAO ZERBINI - COOPINCOR;1997612;;;;b3S;2;9;SAO PAULO;SP;06/2016;1.565;0;561;0;0;0;2.126;0;0;0;0;16;16;2.142;4;0;-216;-428;-13;0;26;-9;-635;1.508;0;1.508;-1;0;1.506;0
COOPERATIVA DE CREDITO RURAL COM INTERACAO SOLIDARIA DE CHAPECO-CRESOL CHAPECÓ;4281182;;;;b3S;2;9;CHAPECO;SC;06/2016;1.642;0;483;0;0;0;2.124;-795;-158;0;0;-304;-1.257;867;142;26;-401;-456;0;0;0;-91;-780;87;86;173;0;0;173;0
COOPERATIVA DE ECONOMIA E CRÉDITO MÚTUO DOS FUNCIONÁRIOS DA ERICSSON;48718183;;;;b3S;2;9;SAO PAULO;SP;06/2016;1.325;0;798;0;0;0;2.123;0;0;0;0;-218;-218;1.906;0;0;-206;-232;-1;0;0;0;-439;1.467;0;1.467;0;-33;1.433;-1.367
VIC-DISTRIBUIDORA DE TITULOS E VALORES MOBILIARIOS S/A;14388516;;;84002;n2;2;16;RIO DE JANEIRO;RJ;06/2016;609;0;1.503;4;0;0;2.115;0;0;0;0;0;0;2.115;151;0;-414;-376;-137;0;180;0;-596;1.520;0;1.520;0;0;1.520;-1.300
COOPERATIVA DE ECONOMIA E CRÉDITO DE LIVRE ADMISSÃO DA SERRA DA CANTAREIRA - SICOOB CANTAREIRA;49069990;;;;b3S;2;9;GUARULHOS;SP;06/2016;1.539;0;568;0;0;0;2.107;-592;0;0;0;-89;-681;1.426;136;268;-1.009;-992;-7;0;243;-95;-1.457;-30;-2;-32;-6;0;-38;0
COOPERATIVA DE CRÉDITO MÚTUO DOS SERVIDORES PÚBLICOS MUNICIPAIS DE SÃO BERNARDO DO CAMPO - CREDIABC;3612679;;;;b3S;2;9;SAO BERNARDO DO CAMPO;SP;06/2016;1.984;0;102;0;0;0;2.086;-216;-123;0;0;-114;-453;1.632;0;0;-758;-493;0;0;51;-7;-1.206;426;1;425;0;0;425;0
CONEXION CORRETORA DE CÂMBIO LTDA.;17635177;;;82420;n2;2;21;RIBEIRAO PRETO;SP;06/2016;0;0;1;0;2.082;0;2.083;0;0;0;0;0;0;2.083;28;0;-273;-1.603;-101;0;29;-19;-1.939;144;0;144;-70;0;74;0
COOPERATIVA DE CREDITO RURAL COM INTERACAO SOLIDARIA DE MARMELEIRO - CRESOL MARMELEIRO;971297;;;;b3S;2;9;MARMELEIRO;PR;06/2016;1.590;0;482;0;0;0;2.072;-340;-401;0;0;-165;-907;1.165;233;84;-414;-335;1;0;76;-173;-529;636;-10;626;-4;-14;608;-102
COOPERATIVA DE CRÉDITO DE LIVRE ADMISSÃO DE PIRACANJUBA LTDA;5222094;;;;b3S;2;9;PIRACANJUBA;GO;06/2016;1.283;0;787;0;0;0;2.070;-347;-226;0;0;-220;-793;1.277;89;68;-607;-532;-8;0;127;-77;-940;337;68;405;-28;0;376;0
COOPERATIVA DE CRÉDITO RURAL COM INTERAÇÃO SOLIDÁRIA DE FERVEDOURO - CRESOL FERVEDOURO;8624548;;;;b3S;2;9;FERVEDOURO;MG;06/2016;1.491;0;578;0;0;0;2.069;-633;-195;0;0;-436;-1.264;806;100;245;-481;-579;0;0;35;-176;-856;-50;-11;-61;-3;0;-64;0
UM INVESTIMENTOS S/A CORRETORA DE TITULOS E VALORES MOBILIARIOS;33968066;;;82561;n2;2;15;RIO DE JANEIRO;RJ;06/2016;0;0;917;1.150;0;0;2.067;0;-92;0;0;-191;-283;1.784;7.758;0;-4.293;-10.139;-588;0;5.646;-479;-2.094;-310;0;-310;-15;0;-326;0
COOPERATIVA DE CREDITO RURAL COM INTERACAO SOLIDARIA CONCORDIA- CRESOL CONCÓRDIA;5425526;;;;b3S;2;9;CONCORDIA;SC;06/2016;1.255;0;807;0;0;0;2.062;-860;-179;0;0;-339;-1.377;685;191;13;-464;-393;0;0;0;-70;-723;-38;30;-8;0;0;-8;0
COOPERATIVA DE CRÉDITO RURAL COM INTERAÇÃO SOLIDÁRIA DE RIO FORTUNA - CRESOL RIO FORTUNA;7958405;;;;b3S;2;9;RIO FORTUNA;SC;06/2016;1.204;0;852;0;0;0;2.056;-949;-81;0;0;-108;-1.138;918;94;34;-329;-283;0;0;0;-92;-577;341;15;356;0;0;356;0
COOPERATIVA DE ECONOMIA E CRÉDITO MÚTUO DOS FUNCIONÁRIOS DA CARGILL;68228006;;;;b3S;2;9;SAO PAULO;SP;06/2016;1.651;0;401;0;0;0;2.052;-3;0;0;0;-238;-241;1.811;0;0;-307;-470;-2;0;425;-18;-372;1.439;0;1.439;0;0;1.439;0
COOPERATIVA DE ECONOMIA E CRÉDITO MÚTUO DOS SERVIDORES PÚBLICOS DO PODER EXECUTIVO FEDERAL NO ESTADO DO ESPÍRITO SANTO - COOPSEFES;3639902;;;;b3S;2;9;VITORIA;ES;06/2016;1.855;0;195;0;0;0;2.049;-144;0;0;0;-510;-654;1.395;13;55;-336;-1.365;-8;0;0;0;-1.641;-245;-12;-258;-5;0;-262;0
COOPERATIVA DE CREDITO RURAL COM INTERACAO SOLIDARIA DE SAO JOAQUIM-CRESOL SÃO JOAQUIM;2766672;;;;b3S;2;9;SAO JOAQUIM;SC;06/2016;1.290;0;757;0;0;0;2.046;-733;-130;0;0;-303;-1.166;881;115;14;-639;-376;0;0;38;-228;-1.076;-196;-5;-200;0;0;-200;0
DILLON S/A DISTRIBUIDORA DE TITULOS E VALORES MOBILIARIOS;33851064;;;83807;n2;2;16;RIO DE JANEIRO;RJ;06/2016;0;0;1.850;0;192;0;2.042;0;0;0;0;0;0;2.042;349;0;-572;-2.499;-42;0;0;0;-2.763;-721;833;112;-89;0;24;0
COOPERATIVA    DE    ECONOMIA    E    CRÉDITO   MÚTUO  MINUANO;88325113;;;;b3S;2;9;CANOAS;RS;06/2016;1.644;0;392;0;0;0;2.036;-248;0;0;0;-364;-612;1.424;0;0;-582;-279;0;0;0;-19;-880;544;0;544;0;0;544;-471
MONEY PLUS SOCIEDADE DE CRÉDITO AO MICROEMPREENDEDOR E A EMPRESA DE PEQUENO PORTE LTDA.;11581339;;;83292;n1;2;10;SAO PAULO;SP;06/2016;2.027;0;0;0;0;0;2.027;0;0;0;0;-6;-6;2.020;0;298;-386;-584;-97;0;140;-607;-1.235;785;-2;783;-348;0;435;0
COOPERATIVA DE CRÉDITO DOS DISTRIBUIDORES E ATACADISTAS DA REGIÃO METROPOLITANA DE GOIÂNIA LTDA.;10209619;;;;b3S;2;9;GOIANIA;GO;06/2016;1.519;0;503;0;0;0;2.021;-279;0;0;0;-71;-349;1.672;197;374;-845;-656;-6;0;68;-333;-1.202;470;0;470;-6;0;464;0
EVEREST LEASING S.A. ARRENDAMENTO MERCANTIL;74533787;BRADESCO;10045;80075;n1;2;19;OSASCO;SP;06/2016;0;0;2.019;0;0;0;2.019;0;0;0;0;0;0;2.019;0;0;0;-242;-94;0;109;-114;-341;1.678;0;1.678;-749;0;929;0
SOLIDUS S.A. CORRETORA DE CAMBIO E VALORES MOBILIARIOS;68757681;;;82640;n2;2;15;PORTO ALEGRE;RS;06/2016;0;0;2.014;0;0;0;2.014;0;0;0;0;0;0;2.014;2.951;0;-2.253;-1.469;-324;0;16;0;-1.079;934;0;934;-201;-58;676;-404
COOPERATIVA DE CREDITO RURAL COM INTERAÇÃO SOLIDÁRIA DE SAO VALENTIM-CRESOL SAO VALENTIM;3015152;;;;b3S;2;9;SAO VALENTIM;RS;06/2016;1.359;0;648;0;0;0;2.007;-755;-249;0;0;58;-946;1.061;189;26;-457;-382;0;0;3;-122;-743;318;15;333;0;0;333;0
FINANSINOS S.A. CREDITO, FINANCIAMENTO E INVESTIMENTO;91669747;;;83467;n1;2;14;NOVO HAMBURGO;RS;06/2016;1.560;0;445;0;0;0;2.006;-152;0;0;0;-206;-357;1.648;0;24;-1.284;-732;-83;0;8;-1;-2.068;-420;3;-416;180;0;-237;0
COOPERATIVA DE CRÉDITO DE GUAPÉ LTDA - SICOOB CREDIGUAPÉ;71009237;;;;b3S;2;9;GUAPE;MG;06/2016;1.420;0;577;0;0;0;1.997;-568;-286;0;0;-350;-1.205;792;129;167;-676;-508;-12;0;163;-108;-845;-53;-3;-56;-16;0;-72;0
COOPERATIVA DE CRÉDITO RURAL ALTO RIO GRANDE LTDA. - SICOOB CREDIGRANDE;25626490;;;;b3S;2;9;LAVRAS;MG;06/2016;1.615;0;380;0;0;0;1.995;-533;-336;0;0;-210;-1.080;915;157;247;-890;-772;-19;0;123;-135;-1.289;-374;3;-371;-13;0;-384;0
COOPERATIVA DE ECONOMIA E CRÉDITO MÚTUO DOS EMPREGADOS DAS EMPRESAS METALÚRGICAS DE OSASCO E REGIÃO - CREDMETAL;3535065;;;;b3S;2;9;OSASCO;SP;06/2016;1.779;0;203;0;0;0;1.982;-92;-2;0;0;-107;-201;1.782;49;71;-788;-531;-6;0;32;-22;-1.195;587;0;587;-14;0;573;0
COOPERATIVA DE CRÉDITO MÚTUO DOS SERVIDORES DO MINISTERIO DA EDUCAÇÃO EM SÃO PAULO - COOPEMESP;73092827;;;;b3S;2;9;SAO PAULO;SP;06/2016;1.622;0;341;0;0;0;1.963;-186;0;0;0;-8;-194;1.769;48;3;-673;-553;-6;0;92;-152;-1.242;527;5;532;-2;1;530;0
COOPERATIVA DE ECONOMIA E CRÉDITO MÚTUO DOS SECURITARIOS, DOS CORRETORES DE SEGUROS E DE CAPITALIZACAO DO RIO DE JANEIRO LTDA.;3930587;;;;b3S;2;9;RIO DE JANEIRO;RJ;06/2016;1.338;0;622;0;0;0;1.960;-378;0;0;0;-112;-490;1.470;141;223;-934;-747;-15;0;136;-41;-1.236;234;-9;226;-6;0;219;-128
COOPERATIVA DE CRÉDITO DE LIVRE ADMISSÃO DE JATAÍ E REGIÃO LTDA.;10143499;;;;b3S;2;9;JATAI;GO;06/2016;1.094;0;853;0;0;0;1.947;-471;0;0;0;-131;-602;1.345;162;192;-568;-565;-2;0;142;-73;-712;633;3;635;-4;0;631;0
COOPERÁGUIA - COOPERATIVA DE ECONOMIA E CRÉDITO MÚTUO DOS EMPREGADOS DO GRUPO ÁGUIA BRANCA;27171974;;;;b3S;2;9;CARIACICA;ES;06/2016;1.664;0;271;0;0;0;1.935;0;0;0;0;-38;-38;1.897;0;0;-301;-192;-15;0;3;0;-505;1.392;3;1.395;-12;0;1.383;-1.092
COOPERATIVA DE CREDITO RURAL HORIZONTES NOVOS DE CANGUCU - CREHNOR SUL;5132104;;;;b3S;2;9;CANGUCU;RS;06/2016;1.642;0;287;0;0;0;1.929;-130;-15;0;0;-473;-617;1.312;92;129;-556;-526;-2;0;82;-227;-1.008;303;0;303;0;0;303;0
COOPERATIVA DE CRÉDITO RURAL COM INTERAÇÃO SOLIDÁRIA DE TANGARÁ - CRESOL TANGARÁ;7946451;;;;b3S;2;9;TANGARA;SC;06/2016;1.425;0;492;0;0;0;1.917;-777;-113;0;0;-528;-1.418;498;137;24;-518;-443;0;0;64;-189;-925;-427;3;-424;0;0;-424;0
COOPERATIVA DE CRÉDITO DOS PEQUENOS EMPRESÁRIOS, MICROEMPRESÁRIOS E MICROEMPREENDEDORES DO NORTE DE MINAS LTDA - SICOOB CREDINOSSO;6324872;;;;b3S;2;9;MONTES CLAROS;MG;06/2016;1.598;0;317;0;0;0;1.914;-504;0;0;0;-93;-598;1.317;201;275;-759;-769;-12;0;52;-74;-1.086;230;-5;225;-5;0;220;0
ORLA DISTRIBUIDORA DE TÍTULOS E VALORES MOBILIÁRIOS S.A.;92904564;;;83883;n2;2;16;RIO DE JANEIRO;RJ;06/2016;0;0;1.897;0;0;0;1.897;-246;0;0;0;0;-246;1.651;57;0;-659;-1.355;-80;0;0;-37;-2.073;-422;-38;-460;0;0;-460;0
COOPERATIVA DE CRÉDITO E INVESTIMENTO DE LIVRE ADMISSÃO DA REGIÃO DA NOVA ALTA PAULISTA - SICREDI NOVA ALTA PAULISTA SP;11094093;;;;b3S;2;9;DRACENA;SP;06/2016;1.261;0;636;0;0;0;1.897;-619;-15;0;0;-383;-1.017;880;168;157;-478;-394;-9;0;25;-480;-1.012;-132;0;-133;-6;0;-139;0
COOPERATIVA DE CRÉDITO RURAL DE ALTEROSA LTDA - SICOOB COOPEROSA;71437123;;;;b3S;2;9;ALTEROSA;MG;06/2016;1.446;0;444;0;0;0;1.890;-483;-111;0;0;-167;-761;1.129;90;82;-520;-424;-10;0;67;-18;-735;394;1;395;-15;0;380;0
COOPERATIVA DE ECONOMIA E CRÉDITO MÚTUO DOS MAGISTRADOS E SERVIDORES DO PODER JUDICIÁRIO E ÓRGÃOS JURÍDICOS ESTADUAIS E FEDERAIS NA GRANDE TERESINA - SICOOB JURISCRED/PI;5477038;;;;b3S;2;9;TERESINA;PI;06/2016;1.580;0;298;0;0;0;1.878;-466;-126;0;0;155;-436;1.442;53;59;-503;-618;-4;0;74;-47;-986;456;-1;455;-1;0;453;0
COOPERATIVA DE ECONOMIA E CRÉDITO MÚTUO DOS CONTABILISTAS E CORRETORES DE SEGUROS DA GRANDE BELO HORIZONTE LTDA. - SICOOB CREDITABIL;2217068;;;;b3S;2;9;BELO HORIZONTE;MG;06/2016;894;0;970;0;0;0;1.864;-613;0;0;0;-157;-770;1.094;281;325;-655;-553;-14;0;57;-66;-625;468;-3;466;-7;-6;453;0
COOPERATIVA DE ECONOMIA E CRÉDITO MÚTUO DOS FUNCIONÁRIOS DA TETRA PAK;67341487;;;;b3S;2;9;MONTE MOR;SP;06/2016;1.563;0;299;0;0;0;1.862;0;0;0;0;-22;-22;1.841;0;0;-102;-184;1;0;33;0;-253;1.587;0;1.587;0;0;1.587;0
COOPERATIVA DE CRÉDITO DOS EMPRESÁRIOS DE MACAPÁ E SANTANA - SICOOB CREDEMPRESAS-AP;13517050;;;;b3S;2;9;MACAPA;AP;06/2016;1.502;0;357;0;0;0;1.858;-551;0;0;0;-205;-756;1.102;143;222;-717;-516;-6;0;122;-124;-876;226;-6;220;-4;0;215;-117
SOCICRED SOCIEDADE DE CREDITO AO MICROEMPREENDEDOR LTDA;5289612;;;83058;n1;2;10;PORTO ALEGRE;RS;06/2016;1.855;0;0;0;0;0;1.855;0;0;0;0;453;453;2.307;0;0;-242;-863;0;0;0;-159;-1.264;1.044;0;1.044;-198;0;846;-187
COOPERATIVA DE ECONOMIA E CRÉDITO MÚTUO DOS MÉDICOS E PROFISSIONAIS DA ÁREA DE SAÚDE DE SÃO PAULO - SICOOB GRANDE SÃO PAULO;69181709;;;;b3S;2;9;SAO PAULO;SP;06/2016;1.533;0;321;0;0;0;1.853;-469;0;0;0;-308;-777;1.076;49;154;-840;-473;-6;0;115;-53;-1.053;23;10;33;-8;0;25;0
AGENCIA DE FOMENTO DO AMAPA S.A.;2929977;;;81098;n1;1;30;MACAPA;AP;06/2016;1.669;0;176;0;0;0;1.845;0;0;0;0;-1.012;-1.012;833;2.464;0;-2.399;-634;-166;0;1;0;-734;99;0;99;0;0;99;0
COOPERATIVA DE CRÉDITO RURAL COM INTERAÇÃO SOLIDÁRIA DE SÃO MIGUEL DO IGUAÇU - CRESOL SÃO MIGUEL DO IGUAÇU;11969853;;;;b3S;2;9;SAO MIGUEL DO IGUACU;PR;06/2016;1.384;0;442;0;0;0;1.826;-408;-374;0;0;-458;-1.240;587;194;104;-360;-493;0;0;44;-236;-747;-160;-6;-166;-3;-9;-178;0
COOPERATIVA DE ECONOMIA E CRÉDITO MÚTUO DOS SERVIDORES MUNICIPAIS DE VITÓRIA DA CONQUISTA LTDA. - SICOOB CREDCOOP;2528151;;;;b3S;2;9;VITORIA DA CONQUISTA;BA;06/2016;1.632;0;183;0;0;0;1.814;-243;-18;0;0;-89;-350;1.465;170;160;-766;-452;-7;0;114;-72;-853;611;5;616;-10;0;606;0
COOPERATIVA DE CRÉDITO MÚTUO DOS CORRETORES DE SEGUROS DO ESTADO DE SÃO PAULO - SICOOB CREDICOR/SP;8030602;;;;b3S;2;9;SAO PAULO;SP;06/2016;885;0;926;0;0;0;1.811;-804;0;0;0;-68;-872;939;108;152;-288;-306;-11;0;28;-28;-345;594;0;594;-28;0;567;0
COOPERATIVA DE CRÉDITO DE LIVRE ADMISSÃO DE PIMENTA LTDA. - SICOOB CREDIPIMENTA;42934794;;;;b3S;2;9;PIMENTA;MG;06/2016;1.267;0;540;0;0;0;1.807;-632;-40;0;0;-59;-731;1.076;177;118;-717;-519;-13;0;85;-45;-914;161;11;173;-14;0;158;0
AMAZÔNIA CORRETORA DE CÂMBIO LTDA.;16927221;;;82365;n2;2;21;MANAUS;AM;06/2016;0;0;3;0;1.779;0;1.782;0;0;0;0;0;0;1.782;58;0;-519;-856;-89;0;17;-10;-1.399;383;0;383;-164;0;219;0
COMPANHIA PROVINCIA DE CREDITO IMOBILIARIO;87091716;COMPANHIA PROVINCIA DE CREDITO IMOBILIARIO;51860;80972;n1;2;31;PORTO ALEGRE;RS;06/2016;36;0;1.742;0;0;0;1.778;0;0;0;0;-19;-19;1.759;823;0;-963;-2.421;-41;0;840;-168;-1.930;-171;691;519;-159;0;360;0
COOPERATIVA DE CRÉDITO MÚTUO DOS SERVIDORES DO INSTITUTO FEDERAL DE EDUCAÇÃO, CIÊNCIA E TECNOLOGIA DE MATO GROSSO - SICOOB COOPERTEC;37433448;;;;b3S;2;9;CUIABA;MT;06/2016;1.470;0;300;0;0;0;1.771;-355;-1;0;0;-134;-490;1.280;176;125;-988;-922;-16;0;196;-53;-1.481;-201;7;-194;-7;0;-201;0
COOPERATIVA DE ECONOMIA E CRÉDITO MÚTUO DOS EMPRESÁRIOS DE ITAPETININGA - SICOOB CRED-ACI;8844074;;;;b3S;2;9;ITAPETININGA;SP;06/2016;1.045;0;724;0;0;0;1.770;-674;0;0;0;-468;-1.142;628;139;180;-390;-459;-4;0;61;-34;-506;122;-6;115;-3;0;113;0
COOPERATIVA DE CREDITO RURAL COM INTERAÇÃO SOLIDÁRIA. DE JACUTINGA - CRESOL JACUTINGA;2904125;;;;b3S;2;9;JACUTINGA;RS;06/2016;1.343;0;424;0;0;0;1.767;-477;-175;0;0;-277;-928;839;146;16;-388;-354;-21;0;0;-143;-743;96;577;672;0;0;672;0
COOPERATIVA DE ECONOMIA E CRÉDITO MÚTUO DOS SERVIDORES PÚBLICOS DA REGIÃO METROPOLITANA DE BELÉM LTDA.;991739;;;;b3S;2;9;BELEM;PA;06/2016;1.749;0;13;0;0;0;1.762;1;-16;0;0;-288;-304;1.457;23;0;-212;-116;-2;0;2;-881;-1.186;272;0;272;0;0;272;-327
COOPERATIVA DE ECONOMIA E CRÉDITO MÚTUO DOS SERVIDORES DO PODER JUDICIÁRIO DO RIO GRANDE DO SUL - SICOOB JUSTIÇA;3453295;;;;b3S;2;9;PORTO ALEGRE;RS;06/2016;1.649;0;113;0;0;0;1.761;-644;-33;0;0;-556;-1.234;527;270;165;-921;-745;-30;0;109;-225;-1.376;-849;-223;-1.072;0;0;-1.072;0
COOPERATIVA DE CRÉDITO RURAL COM INTERAÇÃO SOLIDÁRIA DE ALFREDO WAGNER - CRESOL ALFREDO WAGNER;5494591;;;;b3S;2;9;ALFREDO WAGNER;SC;06/2016;1.298;0;462;0;0;0;1.760;-500;-109;0;0;-165;-774;986;121;11;-409;-303;0;0;77;-255;-757;229;-2;227;-2;0;226;0
COOPERATIVA DE CREDITO RURAL COM INTERACAO SOLIDARIA DE CORONEL MARTINS-CRESOL PEDRA BRANCA;5070112;;;;b3S;2;9;CORONEL MARTINS;SC;06/2016;1.413;0;345;0;0;0;1.758;-387;-227;0;0;-1.254;-1.868;-110;161;21;-487;-401;0;0;0;-267;-972;-1.082;-313;-1.396;0;0;-1.396;0
COOPERATIVA DE CREDITO RURAL COM INTERACAO SOLIDARIA DE IVAIPORA - CRESOL IVAIPORA;5231945;;;;b3S;2;9;IVAIPORA;PR;06/2016;1.215;0;531;0;0;0;1.745;-412;-316;0;0;-37;-764;981;157;143;-402;-382;1;0;19;-121;-586;395;-9;386;-7;-17;362;0
COOPERATIVA DE ECONOMIA E CREDITO MUTUO DOS EMPREGADOS DO GRUPO CVRD E ENTIDADES VINCULADAS LTDA.;33924028;;;;b3S;2;9;RIO DE JANEIRO;RJ;06/2016;1.536;0;205;0;0;0;1.740;-357;-17;0;0;-123;-497;1.243;27;30;-1.121;-602;-7;0;721;-33;-985;258;6;263;-3;0;260;0
COOPERATIVA DE CRÉDITO RURAL COM INTERAÇÃO SOLIDÁRIA DE AGROLÂNDIA - CRESOL AGROLÂNDIA;9280638;;;;b3S;2;9;AGROLANDIA;SC;06/2016;1.628;0;105;0;0;0;1.733;-221;-274;0;0;-737;-1.232;500;102;95;-290;-293;0;0;34;-114;-466;34;-9;25;-3;-9;13;0
COOPERATIVA DE ECONOMIA E CRÉDITO MÚTUO DOS FUNCIONÁRIOS DO GRUPO JAL LTDA.;5548335;;;;b3S;2;9;SAO JOAO DE MERITI;RJ;06/2016;1.620;0;112;0;0;0;1.732;0;0;0;0;11;11;1.744;0;0;-233;-366;1;0;118;0;-482;1.262;0;1.262;0;0;1.262;-485
COOPERATIVA DE CRÉDITO RURAL COM INTERAÇÃO SOLIDÁRIA DE LONDRINA - CRESOL LONDRINA;7211698;;;;b3S;2;9;LONDRINA;PR;06/2016;1.478;0;253;0;0;0;1.731;-220;-356;0;0;-1.490;-2.066;-335;86;105;-605;-590;0;0;35;-272;-1.242;-1.577;-43;-1.620;-13;0;-1.633;0
MERCANTIL DO BRASIL CORRETORA S.A. - CÂMBIO, TÍTULOS E VALORES MOBILIÁRIOS;16683062;MERCANTIL DO BRASIL;20152;80123;n2;2;15;BELO HORIZONTE;MG;06/2016;8;0;1.722;0;0;0;1.730;0;0;0;0;0;0;1.730;1.078;0;-1.419;-1.073;-183;0;37;-91;-1.651;78;0;78;-53;0;25;0
COOPERATIVA DE CRÉDITO RURAL COM INTERAÇÃO SOLIDÁRIA DE SANTA LÚCIA - CRESOL SANTA LÚCIA;7268499;;;;b3S;2;9;SANTA LUCIA;PR;06/2016;1.042;0;678;0;0;0;1.721;-375;-457;0;0;-305;-1.137;583;306;132;-490;-431;1;0;27;-252;-707;-124;-14;-138;-4;-12;-154;-46
COOPERATIVA DE CRÉDITO DOS CORRETORES E DEMAIS TÉCNICOS DE SEGUROS DO ESTADO DE SANTA CATARINA, E EMPRESÁRIOS DE BLUMENAU - SICOOB CREDICOR-SC;2295034;;;;b3S;2;9;BLUMENAU;SC;06/2016;1.235;0;479;0;0;0;1.714;-635;0;0;0;-957;-1.593;121;165;157;-405;-605;-8;0;36;-65;-725;-604;0;-604;-9;0;-613;0
COOPERATIVA DE ECONOMIA E CRÉDITO MÚTUO DOS TRABALHADORES NA ÁREA DE SAÚDE, AFINS E EMPRESÁRIOS VINCULADOS À ACCI DE ERECHIM-RS-CREDISUL;7494300;;;;b3S;2;9;ERECHIM;RS;06/2016;1.605;0;107;0;0;0;1.712;-602;0;0;0;-445;-1.047;665;114;0;-561;-456;0;0;0;0;-903;-238;-50;-288;0;0;-288;0
UNICRED CABO FRIO, COOPERATIVA DE ECONOMIA E CRÉDITO MÚTUO DOS MÉDICOS E DEMAIS PROFISSIONAIS DE SAÚDE DE CABO FRIO LTDA.;2214201;;;;b3S;2;9;CABO FRIO;RJ;06/2016;1.347;0;361;0;0;0;1.708;-449;0;0;0;-409;-858;849;87;71;-454;-1.186;-9;0;15;-70;-1.545;-696;3;-693;0;0;-693;0
DOURADA CORRETORA DE CÂMBIO LTDA.;76641497;;;82224;n2;2;21;CURITIBA;PR;06/2016;0;0;68;0;1.638;0;1.706;0;0;0;0;0;0;1.706;86;0;-585;-868;-90;0;58;-5;-1.403;303;0;303;-123;0;180;0
COOPERATIVA DE CREDITO RURAL COM INTERAÇÃO SOLIDARIA DE TOMBOS-CRESOL TOMBOS;7208637;;;;b3S;2;9;TOMBOS;MG;06/2016;1.263;0;431;0;0;0;1.695;-431;-239;0;0;-647;-1.318;377;107;243;-486;-416;0;0;40;-155;-667;-291;-8;-299;-2;0;-300;0
COOPERATIVA DE CRÉDITO RURAL COM INTERAÇÃO SOLIDÁRIA DE ITUPORANGA - CRESOL ITUPORANGA;7507647;;;;b3S;2;9;ITUPORANGA;SC;06/2016;1.242;0;452;0;0;0;1.694;-470;-162;0;0;-266;-898;796;93;113;-315;-278;0;0;12;-213;-589;207;-16;192;-5;-10;176;0
COOPERATIVA DE CRÉDITO DOS MAGISTRADOS DO ESTADO DO RIO DE JANEIRO LTDA. - MAGICREDI-RJ;5040680;;;;b3S;2;9;RIO DE JANEIRO;RJ;06/2016;1.382;0;312;0;0;0;1.694;-710;0;0;0;-97;-807;887;8;0;-662;-126;0;0;0;0;-781;106;0;106;-2;0;104;0
COOPERATIVA DE CRÉDITO RURAL ASCOOB COOPERAR;2025743;;;;b3S;2;9;ARACI;BA;06/2016;1.515;0;171;0;0;0;1.686;-416;-22;0;0;-446;-884;802;42;215;-485;-658;1;0;39;-158;-1.005;-204;-32;-235;0;0;-235;0
COOPERATIVA DE ECONOMIA E CRÉDITO MÚTUO DOS MÉDICOS E PROFISSIONAIS DE SAÚDE DE SÃO LUÍS - UNICRED DE SÃO LUÍS;8143326;;;;b3S;2;9;SAO LUIS;MA;06/2016;1.549;0;134;0;0;0;1.683;-384;-100;0;0;-887;-1.371;312;85;64;-391;-377;-8;1;39;-194;-782;-470;0;-470;-5;0;-474;0
COOPERATIVA DE CRÉDITO RURAL COM INTERAÇÃO SOLIDÁRIA DE SANTIAGO DO SUL - CRESOL SANTIAGO;3661027;;;;b3S;2;9;SANTIAGO DO SUL;SC;06/2016;1.375;0;304;0;0;0;1.678;-517;-302;0;0;-450;-1.270;409;136;120;-423;-357;0;0;42;-172;-655;-247;-8;-255;-2;0;-257;0
MUNDINVEST S.A.-CORRETORA DE CAMBIO E VALORES MOBILIARIOS;25674235;;;82774;n2;2;15;BELO HORIZONTE;MG;06/2016;52;0;1.352;274;0;0;1.678;0;0;0;0;0;0;1.678;173;589;-1.387;-748;-152;0;41;-30;-1.515;163;0;163;-11;0;152;0
COOPERATIVA DE CRÉDITO MÚTUO DOS EMPREGADOS E SERVIDORES DA DERSA, SECRETARIA ESTADUAL DE LOGÍSTICA E TRANSPORTES E ÓRGÃOS SUBORDINADOS DO ESTADO DE SÃO PAULO - COOPTRANSP;66555665;;;;b3S;2;9;SAO PAULO;SP;06/2016;1.209;0;467;0;0;0;1.675;-156;0;0;0;-214;-370;1.305;95;42;-323;-286;-11;0;27;-64;-520;785;0;785;-27;0;758;0
COOPERATIVA DE CRÉDITO MÚTUO DOS SERVIDORES DO INSTITUTO FEDERAL DE EDUCAÇÃO, CIÊNCIA E TECNOLOGIA DA PARAÍBA   SICOOB COOPERCRET;2275781;;;;b3S;2;9;JOAO PESSOA;PB;06/2016;1.458;0;204;0;0;0;1.662;-520;-4;0;0;-10;-534;1.128;77;68;-390;-576;-5;0;146;-28;-707;421;0;421;-2;0;419;-126
COOPERATIVA DE CREDITO RURAL COM INTERACAO SOLIDARIA DE FORMOSA DO SUL-CRESOL FORMOSA;5269976;;;;b3S;2;9;FORMOSA DO SUL;SC;06/2016;1.127;0;530;0;0;0;1.657;-675;-138;0;0;-37;-851;806;199;94;-463;-469;0;0;0;-94;-733;74;75;149;0;0;149;0
COOPERATIVA DE CRÉDITO RURAL COM INTERAÇÃO SOLIDÁRIA DE MEDIANEIRA - CRESOL MEDIANEIRA;8850098;;;;b3S;2;9;MEDIANEIRA;PR;06/2016;1.512;0;144;0;0;0;1.656;-278;-204;0;0;-484;-967;689;133;95;-316;-376;0;0;34;-229;-660;29;-9;20;-3;-10;7;0
MERCANTIL DO BRASIL LEASING S.A. - ARRENDAMENTO MERCANTIL;26386169;MERCANTIL DO BRASIL;20152;80123;n1;2;19;BELO HORIZONTE;MG;06/2016;0;0;1.648;0;0;0;1.648;0;0;0;0;0;0;1.648;0;0;-3;-397;-81;0;480;-30;-31;1.618;96;1.713;-596;0;1.117;-353
EXECUTIVE CORRETORA DE CÂMBIO LTDA.;19086249;;;82468;n2;2;21;NOVO HAMBURGO;RS;06/2016;0;0;1;0;1.648;0;1.648;0;0;0;0;0;0;1.648;0;125;-200;-896;-82;0;0;-3;-1.057;591;-73;518;-180;0;338;-92
COOPERATIVA DE CRÉDITO RURAL COM INTERAÇÃO SOLIDÁRIA DE PRUDENTÓPOLIS - CRESOL PRUDENTÓPOLIS;6126780;;;;b3S;2;9;PRUDENTOPOLIS;PR;06/2016;1.214;0;427;0;0;0;1.641;-432;-326;0;0;-100;-859;783;207;158;-486;-444;-1;0;24;-110;-651;131;-5;127;-4;-16;106;0
COOPERATIVA DE CRÉDITO RURAL COM INTERAÇÃO SOLIDÁRIA DE ÁUREA - CRESOL ÁUREA;2904138;;;;b3S;2;9;AUREA;RS;06/2016;1.378;0;263;0;0;0;1.641;-447;-128;0;0;-523;-1.098;542;80;17;-338;-361;0;0;0;-77;-679;-137;16;-121;0;0;-121;0
J. ALVES CORRETORA DE CAMBIO LTDA;69078350;;;82176;n2;2;21;SAO PAULO;SP;06/2016;0;0;36;0;1.603;0;1.639;0;0;0;0;-4;-4;1.636;300;0;-275;-1.349;-110;0;3;-4;-1.435;201;0;201;-80;0;120;0
COOPERATIVA DE ECONOMIA E CRÉDITO MÚTUO DOS TRABALHADORES DA CIA. DE PROCESSAMENTO DE DADOS DO ESTADO DE SÃO PAULO - CREDIPRODESP;67915868;;;;b3S;2;9;TABOAO DA SERRA;SP;06/2016;964;0;675;0;0;0;1.639;0;0;0;0;-92;-92;1.547;30;0;-257;-155;-2;1;27;-24;-380;1.167;-5;1.162;0;0;1.162;0
DIBRAN DISTRIBUIDORA DE TÍTULOS E VALORES MOBILIÁRIOS LTDA.;62280490;;;83845;n2;2;16;SAO PAULO;SP;06/2016;0;0;1.519;1;117;0;1.637;0;-356;0;0;0;-356;1.282;5;3;-578;-606;-80;0;0;-62;-1.318;-36;0;-36;-146;0;-182;0
COOPERATIVA DE CRÉDITO RURAL COM INTERAÇÃO SOLIDÁRIA DE POUSO REDONDO - CRESOL POUSO REDONDO;10453077;;;;b3S;2;9;POUSO REDONDO;SC;06/2016;1.325;0;311;0;0;0;1.636;-603;-73;0;0;-528;-1.204;431;61;13;-318;-342;0;0;35;-189;-740;-309;-27;-336;0;0;-336;0
COOPERATIVA DE ECONOMIA E CRÉDITO MÚTUO DOS FUNCIONÁRIOS DA VILLARES METALS;53846242;;;;b3S;2;9;SUMARE;SP;06/2016;1.567;0;64;0;0;0;1.631;1;0;0;0;-26;-26;1.604;0;0;-251;-134;-2;0;29;0;-358;1.246;0;1.246;0;-12;1.234;0
COOPERATIVA DE CRÉDITO MÚTUO DOS SERVIDORES PÚBLICOS MUNICIPAIS DO MUNICÍPIO DE BAURU - CREDISERV;2191265;;;;b3S;2;9;BAURU;SP;06/2016;1.623;0;8;0;0;0;1.631;-42;-31;0;0;-377;-450;1.181;3;1;-510;-238;-9;0;3;-829;-1.579;-398;65;-333;-2;0;-335;0
COOPERATIVA DE ECONOMIA E CREDITO MUTUO DOS POLICIAIS FEDERAIS DO RIO GRANDE DO SUL - SICREDI POL RS;3000142;;;;b3S;2;9;PORTO ALEGRE;RS;06/2016;1.125;0;495;0;0;0;1.620;-834;-18;0;0;-21;-873;747;112;10;-320;-134;-5;0;35;-274;-575;172;0;172;-16;0;155;0
TURCÂMBIO - CORRETORA DE CÂMBIO LTDA.;15482499;;;82334;n2;2;21;GAROPABA;SC;06/2016;0;0;0;0;1.618;0;1.618;0;0;0;0;0;0;1.618;67;78;-397;-1.079;-82;0;35;-55;-1.433;185;0;186;-60;0;126;-39
COOPERATIVA DE CREDITO RURAL COM INTERACAO SOLIDARIA DE DIONISIO CERQUEIRA-CRESOL DIONÍSIO CERQUEIRA;2844024;;;;b3S;2;9;DIONISIO CERQUEIRA;SC;06/2016;1.275;0;336;0;0;0;1.611;-355;-139;0;0;-236;-730;881;226;7;-413;-367;0;0;0;-147;-693;188;-6;182;0;0;182;0
SLW CORRETORA DE VALORES E CÂMBIO LTDA.;50657675;;;82815;n2;2;15;SAO PAULO;SP;06/2016;0;0;371;0;1.236;0;1.607;0;0;0;0;3;3;1.609;3.597;5;-2.029;-3.719;-405;0;78;-817;-3.289;-1.680;289;-1.391;0;0;-1.391;0
COOPERATIVA DE ECONOMIA E CRÉDITO MÚTUO DOS EMPREGADOS DA COOP - COOPERATIVA DE CONSUMO;47074323;;;;b3S;2;9;SANTO ANDRE;SP;06/2016;1.364;0;242;0;0;0;1.606;-183;0;0;0;-70;-253;1.354;146;4;-711;-1.035;-3;0;351;-97;-1.345;9;15;24;-12;0;13;0
COOPERATIVA DE CRÉDITO RURAL DE ESPIGÃO DO OESTE LTDA.;4985665;;;;b3S;2;9;ESPIGAO D'OESTE;RO;06/2016;1.408;0;195;0;0;0;1.603;-142;-12;0;0;-36;-190;1.413;87;10;-585;-271;-3;0;20;-12;-754;660;1;661;0;0;661;-254
COOPERATIVA DE ECONOMIA E CREDITO MUTUO DOS EMPREGADOS DE CHOCOLATES GAROTO LTDA. - CREDI-GAROTO;30949267;;;;b3S;2;9;VILA VELHA;ES;06/2016;1.086;0;508;0;0;0;1.594;-803;0;0;0;-109;-912;682;9;11;-298;-209;-1;0;28;0;-460;222;0;222;0;0;222;0
COOPERATIVA DE CREDITO RURAL COM INTERACAO SOLIDARIA DE CANDOI - CRESOL CANDOI;3356447;;;;b3S;2;9;CANDOI;PR;06/2016;1.287;0;303;0;0;0;1.590;-229;-400;0;0;-205;-834;756;197;113;-440;-391;-1;0;55;-138;-605;151;-2;148;-4;-17;127;0
COOPERATIVA DE ECONOMIA E CRÉDITO MÚTUO DOS SERVIDORES DA SECRETARIA DE ESTADO DA SEGURANÇA PÚBLICA E DA DEFESA SOCIAL DO ESTADO DO RIO GRANDE DO NORTE - CREDIPOL;2382755;;;;b3S;2;9;NATAL;RN;06/2016;1.374;0;188;0;0;0;1.561;-147;-37;0;0;-144;-328;1.233;307;37;-792;-609;-5;0;140;-11;-933;300;0;300;-1;0;299;0
AGÊNCIA DE FOMENTO DO ESTADO DE MATO GROSSO S.A.;6284531;;;81146;n1;1;30;CUIABA;MT;06/2016;1.343;0;210;0;0;0;1.554;0;-149;0;0;876;727;2.280;4.619;0;-3.946;-1.681;-518;0;472;-190;-1.245;1.036;7;1.043;0;0;1.043;0
HOYA CORRETORA DE VALORES E CAMBIO LTDA;34974170;;;82578;n2;2;15;RIO DE JANEIRO;RJ;06/2016;0;0;397;-70;1.227;0;1.554;0;0;0;0;0;0;1.554;1.989;0;-2.339;-1.945;-248;0;0;0;-2.544;-990;-7;-997;0;0;-997;0
COOPERATIVA DE ECONOMIA E CRÉDITO MÚTUO DOS EMPREGADOS DA COMPANHIA BRASILEIRA DE ALUMÍNIO;54335401;;;;b3S;2;9;ALUMINIO;SP;06/2016;1.423;0;130;0;0;0;1.552;0;0;0;0;-106;-106;1.446;0;0;-281;-258;-1;0;99;0;-441;1.004;0;1.004;0;0;1.004;0
COOPERATIVA DE ECONOMIA E CRÉDITO MÚTUO DOS PETROLEIROS NO ESTADO DE MINAS GERAIS LTDA. - COPETRO;26758433;;;;b3S;2;9;BELO HORIZONTE;MG;06/2016;1.547;0;0;0;0;0;1.547;0;0;0;0;-28;-28;1.518;0;0;-738;-310;0;0;1;0;-1.047;472;0;472;0;0;472;-150
COOPERATIVA DE CRÉDITO MÚTUO DOS MICRO E PEQUENOS EMPRESÁRIOS E MICROEMPREENDEDORES DO GRANDE ABC - SICOOB GRANDE ABC.;7946216;;;;b3S;2;9;SANTO ANDRE;SP;06/2016;860;0;679;0;0;0;1.540;-583;0;0;0;-74;-657;883;44;163;-508;-356;1;0;31;-30;-657;226;0;226;-3;0;223;0
COOPERATIVA DE ECONOMIA E CREDITO MUTUO DOS FUNCIONARIOS DA COMIGO;1062439;;;;b3S;2;9;RIO VERDE;GO;06/2016;1.334;0;192;0;0;0;1.526;-126;0;0;0;-60;-186;1.340;27;26;-289;-423;-4;0;102;-77;-638;703;0;703;-5;0;698;-221
COOPERATIVA DE CRÉDITO DE LIVRE ADMISSÃO DE BOA VISTA LTDA.;2137018;;;;b3S;2;9;BOA VISTA;RR;06/2016;1.058;0;467;0;0;0;1.525;-534;0;0;0;-285;-819;706;19;44;-386;-414;-2;0;79;-38;-697;9;12;22;-5;0;16;0
COOPERATIVA DE CREDITO RURAL COM INTERACAO SOLIDARIA DE GUARANIAÇU - CRESOL GUARANIAÇU;5121687;;;;b3S;2;9;GUARANIACU;PR;06/2016;1.285;0;229;0;0;0;1.515;-174;-307;0;0;-541;-1.023;492;130;108;-385;-390;1;0;45;-180;-672;-180;-4;-184;-2;-6;-193;0
COOPERATIVA DE ECONOMIA E CRÉDITO MÚTUO DOS PROFISSIONAIS DA SAÚDE PORTAL DO SERTÃO LTDA - SICOOB PORTAL;18374394;;;;b3S;2;9;FEIRA DE SANTANA;BA;06/2016;1.307;0;205;0;0;0;1.512;-272;-74;0;0;-117;-462;1.050;79;347;-450;-789;-5;0;237;-231;-811;238;2;240;-5;0;235;0
COOPERATIVA DE CRÉDITO RURAL COM INTERAÇÃO SOLIDÁRIA DE PINHALZINHO - CRESOL PINHALZINHO;7412987;;;;b3S;2;9;PINHALZINHO;SC;06/2016;1.157;0;354;0;0;0;1.511;-549;-112;0;0;-237;-898;613;130;23;-415;-413;0;0;0;-60;-735;-122;-2;-124;0;0;-124;0
COOPERATIVA DE CREDITO RURAL COM INTERAÇÃO SOLIDARIA DE REALEZA - CRESOL REALEZA;7076644;;;;b3S;2;9;REALEZA;PR;06/2016;1.103;0;402;0;0;0;1.505;-191;-284;0;0;-256;-732;773;159;80;-241;-238;0;0;33;-184;-391;382;-7;375;-3;-7;365;-55
COOPERATIVA DE ECONOMIA E CRÉDITO MÚTUO DOS SERVIDORES DO  INSTITUTO NACIONAL DO SEGURO SOCIAL NA PARAÍBA - COOPREV LTDA;1825968;;;;b3S;2;9;JOAO PESSOA;PB;06/2016;1.443;0;47;0;0;0;1.490;-75;-428;0;0;-53;-556;935;154;90;-519;-635;-6;0;186;-80;-810;124;0;125;-3;0;122;0
COOPERATIVA DE ECONOMIA E CREDITO MUTUO DOS COLABORADORES DA SG INDUSTRIA E COMERCIO DE MATERIAIS DE CONSTRUCAO, VIDROS E AFINS;61039038;;;;b3S;2;9;SAO PAULO;SP;06/2016;1.023;0;462;0;0;0;1.485;0;0;0;0;-11;-11;1.474;0;0;-341;-190;-24;0;6;0;-548;926;3;929;-91;0;838;0
COOPERATIVA DE CRÉDITO RURAL COM INTERAÇÃO SOLIDÁRIA DE TREZE DE MAIO - CRESOL TREZE DE MAIO;9330158;;;;b3S;2;9;TREZE DE MAIO;SC;06/2016;1.066;0;415;0;0;0;1.481;-619;-47;0;0;-227;-893;588;81;19;-334;-291;0;0;0;-87;-612;-23;-5;-28;0;0;-28;0
COOPERATIVA DE ECONOMIA E CRÉDITO MÚTUO DOS FUNCIONÁRIOS DO GRUPO VONPAR;89523518;;;;b3S;2;9;PORTO ALEGRE;RS;06/2016;1.230;0;248;0;0;0;1.478;-134;0;0;0;-101;-235;1.243;0;0;-199;-332;0;0;0;-11;-542;700;0;700;0;0;700;-2
GOOD CORRETORA DE CÂMBIO LTDA;23010182;;;84521;n2;2;21;PORTO ALEGRE;RS;06/2016;0;0;23;0;1.450;0;1.473;0;0;0;0;0;0;1.473;0;0;-148;-842;-67;0;0;-4;-1.062;411;0;411;-172;0;239;0
COOPERATIVA DE CREDITO RURAL COM INTERACAO SOLIDARIA DE SALTO DO LONTRA - CRESOL SALTO DO LONTRA;5135542;;;;b3S;2;9;SALTO DO LONTRA;PR;06/2016;997;0;473;0;0;0;1.470;-391;-244;0;0;-108;-743;727;169;89;-299;-229;-2;0;50;-117;-338;389;-14;375;-6;-9;360;-58
COOPERATIVA DE CREDITO RURAL COM INTERACAO SOLIDARIA DE VIRMOND - CRESOL VIRMOND;4663561;;;;b3S;2;9;VIRMOND;PR;06/2016;1.082;0;379;0;0;0;1.461;-294;-270;0;0;18;-546;915;165;95;-342;-263;1;0;69;-160;-437;477;-18;459;-7;-11;441;0
COOPERATIVA DE CRÉDITO DOS EMPRESÁRIOS DE MANAUS   SICOOB CREDEMPRESAS AM;10808037;;;;b3S;2;9;MANAUS;AM;06/2016;1.304;0;155;0;0;0;1.459;-388;-56;0;0;-393;-837;622;66;153;-567;-541;-3;0;94;-26;-824;-202;0;-202;-1;0;-203;1
CREBEL - COOPERATIVA DE ECONOMIA E CRÉDITO MÚTUO DOS COLABORADORES DAS EMPRESAS BELGO BEKAERT - CREBEL LTDA.;23241540;;;;b3S;2;9;CONTAGEM;MG;06/2016;919;0;538;0;0;0;1.457;0;0;0;0;0;0;1.456;0;0;-158;-116;-26;0;0;0;-299;1.157;0;1.157;-10;0;1.148;-1.078
COOPERATIVA DE CRÉDITO RURAL COM INTERAÇÃO SOLIDÁRIA DE ESTRADA DE FERRO - CRESOL ESTRADA DE FERRO;4490531;;;;b3S;2;9;ORIZONA;GO;06/2016;1.241;0;213;0;0;0;1.454;-180;-15;0;0;-14;-209;1.245;14;94;-343;-237;1;0;7;-165;-630;615;-1;614;-5;-8;601;-93
COOPERATIVA DE CREDITO RURAL COM INTERACAO SOLIDARIA DE PLANALTO - CRESOL PLANALTO;4225119;;;;b3S;2;9;PLANALTO;PR;06/2016;1.205;0;248;0;0;0;1.453;-241;-266;0;0;-142;-649;804;149;86;-280;-307;1;0;57;-169;-466;338;-8;331;-4;-10;317;-79
ÓRAMA DISTRIBUIDORA DE TÍTULOS E VALORES MOBILIÁRIOS S.A.;13293225;;;84260;n2;2;16;RIO DE JANEIRO;RJ;06/2016;0;0;1.451;0;0;0;1.451;0;0;0;0;0;0;1.451;401;0;-1.241;-1.781;-86;0;1;-2;-2.708;-1.257;0;-1.257;0;0;-1.257;0
COOPERATIVA DE ECONOMIA E CREDITO MUTUO DOS EMPREGADOS DO GRUPO BAYER LTDA;73631483;;;;b3S;2;9;BELFORD ROXO;RJ;06/2016;1.034;0;411;0;0;0;1.445;0;0;0;0;-16;-16;1.429;0;0;-209;-290;-1;0;194;0;-307;1.122;0;1.122;0;0;1.122;-417
COOPERATIVA DE CRÉDITO MÚTUO DOS SERVIDORES PÚBLICOS MUNICIPAIS DE LENÇÓIS PAULISTA - COOPERSERV;5667301;;;;b3S;2;9;LENCOIS PAULISTA;SP;06/2016;1.396;0;44;0;0;0;1.440;-123;-234;0;0;-8;-364;1.076;0;0;-132;-171;-9;0;59;-16;-270;806;68;874;-21;0;852;0
BANCO WESTERN UNION DO BRASIL S.A.;13720915;WESTERN UNION;51767;80886;b1;3;2;SAO PAULO;SP;06/2016;0;0;1.439;0;0;0;1.439;0;0;0;0;0;0;1.439;23;0;-294;-228;-70;0;193;-7;-382;1.056;0;1.056;-331;0;726;0
DECYSEO CORRETORA DE CAMBIO LTDA.;94968518;;;82248;n2;2;21;SAO PAULO;SP;06/2016;0;0;115;0;1.312;0;1.427;0;0;0;0;0;0;1.427;888;0;-571;-1.578;-159;0;167;-5;-1.257;169;0;169;-47;0;122;0
COOPERATIVA DE ECONOMIA E CRÉDITO MÚTUO DOS SERVIDORES DA UNIVERSIDADE ESTADUAL DE CAMPINAS - COOPERUNICAMP;2285107;;;;b3S;2;9;CAMPINAS;SP;06/2016;1.426;0;0;0;0;0;1.426;0;0;0;0;-431;-431;995;0;0;-201;-97;-1;0;204;-11;-107;889;0;889;0;-19;870;-554
COOPERATIVA DE CRÉDITO RURAL ASCOOB COSTA DO DENDÊ;3087263;;;;b3S;2;9;VALENCA;BA;06/2016;1.353;0;71;0;0;0;1.423;-147;-59;0;0;-1.791;-1.998;-575;4;106;-413;-502;1;0;5;-535;-1.335;-1.910;0;-1.910;0;0;-1.910;0
ITAUVEST DISTRIBUIDORA DE TITULOS E VALORES MOBILIARIOS S.A.;92880749;ITAU;10069;80099;n2;2;16;SAO PAULO;SP;06/2016;0;0;1.410;0;0;0;1.410;0;0;0;0;0;0;1.410;298;0;0;-137;-153;0;171;-7;171;1.581;0;1.581;-680;0;901;0
COOPERATIVA DE ECONOMIA E CRÉDITO MÚTUO DOS FABRICANTES DE CALÇADOS DE SAPIRANGA LTDA.;5841967;;;;b3S;2;9;SAPIRANGA;RS;06/2016;1.379;0;29;0;0;0;1.408;-93;0;0;0;-275;-368;1.040;157;63;-128;-183;0;0;98;0;6;1.046;1;1.046;0;0;1.046;0
COOPERATIVA DE CREDITO DOS FORNECEDORES DE CANA E DEMAIS PRODUTORES RURAIS DO CENTRO DO ESTADO DE SAO PAULO - CREDICENTRO;53776852;;;;b3S;2;9;ARARAQUARA;SP;06/2016;958;0;447;0;0;0;1.405;-291;0;0;0;-73;-364;1.041;178;0;-424;-169;-32;0;0;0;-447;594;4;598;-44;0;554;-69
COOPERATIVA DE CREDITO RURAL COM INTERACAO SOLIDARIA DE QUILOMBO -  CRESOL QUILOMBO;73254757;;;;b3S;2;9;QUILOMBO;SC;06/2016;762;0;638;0;0;0;1.400;-528;-144;0;0;-72;-744;656;157;7;-389;-329;0;0;0;-102;-656;1;11;11;0;0;11;0
COOPERATIVA DE ECONOMIA E CREDITO MUTUO DOS SERVIDORES UNIVERSIDADE FEDERAL DO ESPIRITO SANTO - CRED-UFES;27302181;;;;b3S;2;9;VITORIA;ES;06/2016;1.334;0;63;0;0;0;1.397;-232;0;0;0;-305;-537;859;245;10;-520;-638;-23;0;118;-1;-809;50;-31;20;-4;0;16;0
LASTRO RDV DISTRIBUIDORA DE TÍTULOS E VALORES MOBILIÁRIOS LTDA.;71590442;;;84129;n2;2;16;ARARAS;SP;06/2016;0;0;107;0;1.290;0;1.396;0;0;0;0;0;0;1.396;100;0;-716;-977;-70;0;5;-14;-1.672;-276;0;-276;0;0;-276;0
COOPERATIVA DE ECONOMIA E CRÉDITO MÚTUO DOS SERVIDORES PÚBLICOS ESTADUAIS DA PARAÍBA - CREDS LTDA.;3373150;;;;b3S;2;9;JOAO PESSOA;PB;06/2016;1.275;0;121;0;0;0;1.396;-218;-165;0;0;-141;-525;871;169;121;-416;-598;-4;0;80;-103;-750;122;-12;110;1;0;109;0
COOPERATIVA DE CREDITO MUTUO DOS SERVIDORES PÚBLICOS ESTADUAIS CIVIS,MILITARES E PENSIONISTAS EM ARARAQUARA E REGIÃO, SERVIDORES E MAGISTRADOS  JUDICIÁRIO FEDERAL NO ESTADO DE SÃO PAULO-SICOOB COOPARA;4219215;;;;b3S;2;9;ARARAQUARA;SP;06/2016;1.211;0;184;0;0;0;1.394;-133;0;0;0;-491;-625;770;67;78;-424;-391;-5;0;142;-19;-551;218;0;218;-11;0;207;0
COOPERATIVA DE CREDITO RURAL COM INTERACAO SOLIDARIA DE SANTO ANTONIO DO SUDOESTE - CRESOL SANTO ANTONIO DO SUDOESTE;4649750;;;;b3S;2;9;SANTO ANTONIO DO SUDOESTE;PR;06/2016;1.207;0;186;0;0;0;1.394;-172;-219;0;0;-111;-502;891;98;95;-278;-318;1;0;25;-97;-475;416;-8;408;-3;-10;395;-47
COOPERATIVA DE ECONOMIA E CRÉDITO MÚTUO DOS EMPRESÁRIOS DE SOROCABA E REGIÃO - SICOOB;10175348;;;;b3S;2;9;SOROCABA;SP;06/2016;984;0;408;0;0;0;1.391;-196;0;0;0;-59;-255;1.136;181;60;-738;-539;-6;0;70;-55;-1.027;110;0;110;-2;-9;99;0
COOPERATIVA DE ECONOMIA E CREDITO MUTUO DOS TRABALHADORES PORTUARIOS DA GRANDE VITORIA - CREDESTIVA.;3844699;;;;b3S;2;9;VITORIA;ES;06/2016;1.265;0;119;0;0;0;1.384;-76;0;0;0;-139;-215;1.170;2;0;-357;-414;-7;0;48;-2;-730;439;-5;435;0;0;435;0
COOPERATIVA DE CRÉDITO RURAL COM INTERAÇÃO SOLIDÁRIA DE SÃO JOÃO - CRESOL SÃO JOÃO;7557462;;;;b3S;2;9;SAO JOAO;PR;06/2016;1.165;0;207;0;0;0;1.372;-195;-366;0;0;-127;-688;684;214;76;-209;-194;0;0;26;-125;-212;472;-7;466;-3;-7;456;-54
COOPERATIVA DE CRÉDITO MÚTUO DOS PRAÇAS E OFICIAIS DA POLÍCIA MILITAR DO ESTADO DE SÃO PAULO - COOPERACS- SP;7030145;;;;b3S;2;9;SAO PAULO;SP;06/2016;1.337;0;32;0;0;0;1.369;-66;0;0;0;-392;-459;911;25;0;-531;-864;0;0;60;-15;-1.325;-415;-3;-418;0;0;-418;0
FRENTE CORRETORA DE CÂMBIO LTDA.;71677850;;;84387;n2;2;21;SAO PAULO;SP;06/2016;0;0;0;0;1.361;0;1.361;0;0;0;0;0;0;1.361;198;0;-231;-640;-83;0;6;-6;-757;604;17;621;-265;0;356;0
COOPERATIVA DE CRÉDITO RURAL HORIZONTES NOVOS DE IBIRAIARAS LTDA - CREHNOR NORDESTE;6139650;;;;b3S;2;9;IBIRAIARAS;RS;06/2016;1.042;0;315;0;0;0;1.357;-321;0;0;0;-117;-438;919;165;177;-568;-435;0;0;61;-152;-752;167;-3;164;0;-5;159;0
COOPERATIVA DE CRÉDITO RURAL COM INTERAÇÃO SOLIDÁRIA DE XANXERÊ - CRESOL XANXERÊ;7509426;;;;b3S;2;9;XANXERE;SC;06/2016;1.010;0;346;0;0;0;1.356;-413;-114;0;0;-10;-536;819;86;12;-303;-368;0;0;1;-65;-637;182;0;182;0;0;182;0
NOSSA TERRA COOPERATIVA DE CRÉDITO DOS EMPREGADOS DAS EMPRESAS DE AGRONEGÓCIO E AFINS;49204605;;;;b3S;2;9;CAJATI;SP;06/2016;1.063;0;290;0;0;0;1.353;0;0;0;0;-11;-11;1.342;0;0;-245;-224;-1;0;22;0;-448;893;0;893;0;0;893;-904
COOPERATIVA DE CREDITO RURAL COM INTERACAO SOLIDARIA DE AMPERE - CRESOL AMPERE;3066193;;;;b3S;2;9;AMPERE;PR;06/2016;1.044;0;308;0;0;0;1.353;-254;-263;0;0;-122;-639;714;134;111;-293;-290;1;0;55;-161;-445;268;-9;259;-4;-9;247;-64
COOPERATIVA DE CRÉDITO DOS FORNECEDORES DE CANA DE BARRA BONITA E REGIÃO;44746352;;;;b3S;2;9;BARRA BONITA;SP;06/2016;461;0;884;0;0;0;1.345;-43;0;0;0;-39;-82;1.262;1;2;-492;-443;0;0;0;0;-932;331;14;345;0;0;345;0
PACIFIC INVEST DISTRIBUIDORA DE TITULOS E VALORES MOBILIARIOS LTDA;73279093;;;84143;n2;2;16;JOACABA;SC;06/2016;0;0;44;746;546;0;1.336;0;0;0;0;0;0;1.336;127;0;-733;-683;-68;0;34;0;-1.324;11;0;11;-14;0;-2;0
COOPERATIVA DE CREDITO RURAL DE GUACUI - CREDIGUAÇUÍ;32422628;;;;b3S;2;9;GUACUI;ES;06/2016;1.078;0;257;0;0;0;1.335;-114;0;0;0;-93;-207;1.127;63;26;-503;-266;-7;0;5;-13;-694;433;1;434;0;0;434;-109
COOPERATIVA DE CRÉDITO MÚTUO DOS SERVIDORES DA ASSEMBLEIA LEGISLATIVA DO ESTADO DE SÃO PAULO - COOPERALESP;4791645;;;;b3S;2;9;SAO PAULO;SP;06/2016;1.173;0;158;0;0;0;1.331;1;0;0;0;-47;-47;1.283;0;0;-183;-174;1;0;18;0;-340;944;0;944;0;-2;942;0
COOPERATIVA DE CREDITO RURAL COM INTERACAO SOLIDARIA DE PEROLA D'OESTE - CRESOL PEROLA D'OESTE;5138766;;;;b3S;2;9;PEROLA D'OESTE;PR;06/2016;936;0;389;0;0;0;1.325;-289;-252;0;0;-61;-603;722;184;98;-218;-225;1;0;27;-151;-286;436;-8;428;-4;-8;415;-64
COOPERATIVA DE CRÉDITO DOS EMPREGADOS DE ELEVADORES ATLAS;43730498;;;;b3S;2;9;SAO PAULO;SP;06/2016;1.118;0;206;0;0;0;1.325;0;0;0;0;-78;-78;1.246;0;0;-149;-143;0;0;0;-15;-307;939;0;939;0;0;939;0
H.COMMCOR DISTRIBUIDORA DE TÍTULOS E VALORES MOBILIÁRIOS LTDA.;1788147;;;84222;n2;2;16;SAO PAULO;SP;06/2016;0;0;1.327;-8;0;0;1.319;0;0;0;0;-416;-416;903;4.367;2.087;-2.076;-3.867;-628;0;354;-61;178;1.081;0;1.081;-338;-218;524;0
CORRETORA GERAL DE VALORES E CÂMBIO LTDA;92858380;;;82918;n2;2;15;PORTO ALEGRE;RS;06/2016;0;0;1.317;0;0;0;1.317;-177;0;0;0;0;-177;1.140;1.763;0;-917;-1.636;-225;16;171;-309;-1.136;3;0;3;0;0;3;0
COOPERATIVA DE ECONOMIA E CRÉDITO MÚTUO DOS EMPREGADOS DO GRUPO COLORADO;2024442;;;;b3S;2;9;GUAIRA;SP;06/2016;1.240;0;77;0;0;0;1.317;0;0;0;0;-59;-59;1.258;0;0;-144;-115;1;0;18;0;-242;1.016;0;1.016;0;0;1.016;0
COOPERATIVA DE CREDITO RURAL COM INTERACAO SOLIDARIA DE GUARACIABA-CRESOL GUARACIABA;5400634;;;;b3S;2;9;GUARACIABA;SC;06/2016;996;0;318;0;0;0;1.313;-569;-99;0;0;-347;-1.015;299;148;12;-298;-296;0;0;0;-71;-506;-207;22;-185;0;0;-185;0
COOPERATIVA DE CRÉDITO RURAL COM INTERAÇÃO SOLIDÁRIA DE APIÚNA - CRESOL APIÚNA;7215632;;;;b3S;2;9;APIUNA;SC;06/2016;923;0;387;0;0;0;1.310;-543;-63;0;0;51;-556;754;123;8;-392;-432;0;0;21;-134;-806;-52;-18;-70;0;0;-70;0
COOPERATIVA DE CRÉDITO RURAL COM INTERAÇÃO SOLIDÁRIA DE TIRADENTES DO SUL - CRESOL TIRADENTES DO SUL;8805562;;;;b3S;2;9;TIRADENTES DO SUL;RS;06/2016;1.029;0;281;0;0;0;1.310;-430;-56;0;0;-284;-769;541;52;16;-308;-342;0;0;56;-182;-708;-168;-23;-191;0;0;-191;0
COOPERATIVA DE CREDITO RURAL COM INTERACAO SOLIDARIA DE RENASCENÇA - CRESOL RENASCENÇA;4350225;;;;b3S;2;9;RENASCENCA;PR;06/2016;944;0;365;0;0;0;1.309;-269;-320;0;0;-52;-641;668;200;54;-202;-195;1;0;43;-108;-209;459;-15;444;-7;-6;430;-78
COOPERATIVA DE CRÉDITO MÚTUO DOS MICROS E PEQUENOS EMPRESÁRIOS E MICROEMPREENDEDORES DE SÃO CARLOS - SICOOB CREDIACISC;7669921;;;;b3S;2;9;SAO CARLOS;SP;06/2016;910;0;381;0;0;0;1.291;-386;-3;0;0;-169;-558;733;118;227;-374;-470;-4;0;18;-56;-540;193;1;194;-4;-39;151;0
VIP'S CORRETORA DE CÂMBIO LTDA.;17772370;;;82444;n2;2;21;SAO PAULO;SP;06/2016;0;0;12;0;1.279;0;1.291;0;0;0;0;0;0;1.291;0;0;-252;-663;-60;0;0;1;-975;316;0;316;-128;0;187;0
COOPERATIVA DE CRÉDITO DE LIVRE ADMISSÃO DO NORTE DE MATO GROSSO - SICOOB NORTE MT;23623636;;;;b3S;2;9;SINOP;MT;06/2016;623;0;653;0;0;0;1.275;-517;-17;0;0;-110;-644;631;52;48;-321;-514;-4;0;20;-14;-733;-101;1;-100;-4;0;-104;0
BANCO MAXINVEST S.A.;80271455;;;81775;b2;2;8;CURITIBA;PR;06/2016;1.026;0;245;0;0;0;1.271;0;0;0;0;-305;-305;966;0;16;-424;-811;-64;216;27;1;-1.041;-74;245;170;-28;0;142;0
COOPERATIVA DE CREDITO RURAL COM INTERACAO SOLIDARIA DE PORTO XAVIER-CRESOL PORTO XAVIER;5442759;;;;b3S;2;9;PORTO XAVIER;RS;06/2016;1.055;0;202;0;0;0;1.257;-304;-153;0;0;-205;-662;595;183;2;-296;-296;0;0;0;-97;-504;91;11;103;0;0;103;0
COOPERATIVA DE ECONOMIA E CRÉDITO MÚTUO DOS FUNCIONÁRIOS DO GRUPO OWENS-ILLINOIS DO BRASIL;43182278;;;;b3S;2;9;SAO PAULO;SP;06/2016;875;0;374;0;0;0;1.249;0;0;0;0;-27;-27;1.221;0;0;-129;-294;-10;0;20;0;-413;808;0;808;0;0;808;0
CREFAZ SOCIEDADE DE CRÉDITO AO MICROEMPREENDEDOR E A EMPRESA DE PEQUENO PORTE LTDA.;18188384;;;83357;n1;2;10;MARINGA;PR;06/2016;1.238;0;0;0;0;0;1.238;0;0;0;0;1;1;1.238;0;50;-49;-1.059;-64;0;0;0;-1.122;115;-42;73;-28;0;46;0
COOPERATIVA DE ECONOMIA E CRÉDITO MÚTUO DOS MEMBROS DO MINISTÉRIO PÚBLICO DE SÃO PAULO - PROMOCRED;4478231;;;;b3S;2;9;SAO PAULO;SP;06/2016;565;0;669;0;0;0;1.234;-137;0;0;0;26;-111;1.122;1;0;-283;-412;-2;0;21;-6;-681;442;0;442;0;-13;428;-308
UNIÃO ALTERNATIVA CORRETORA DE CÂMBIO LTDA.;17508380;;;82396;n2;2;21;PORTO ALEGRE;RS;06/2016;0;0;0;0;1.228;0;1.228;0;0;0;0;0;0;1.228;57;99;-153;-967;-65;0;0;-7;-1.035;193;0;193;-66;0;127;-30
COOPERATIVA DE CRÉDITO RURAL COM INTERAÇÃO SOLIDÁRIA DE SÃO JOÃO DA URTIGA - CRESOL SÃO JOÃO DA URTIGA;7542211;;;;b3S;2;9;SAO JOAO DA URTIGA;RS;06/2016;770;0;445;0;0;0;1.215;-463;-47;0;0;-182;-693;522;50;12;-211;-177;0;0;41;-133;-419;103;-4;99;-2;0;96;0
COOPERATIVA DE ECONOMIA E CRÉDITO MÚTUO DOS EMPREGADOS DA CEMIG E DAS INDÚSTRIAS METALÚRGICAS E DE MATERIAL ELÉTRICO DE JUIZ DE FORA LTDA. - SICOOB CECREMEC;17502881;;;;b3S;2;9;BELO HORIZONTE;MG;06/2016;1.078;0;135;0;0;0;1.213;-112;-16;0;0;-56;-184;1.029;61;3;-727;-219;-10;0;93;-47;-845;184;1;185;-3;0;182;0
COOPERATIVA DE ECONOMIA E CRÉDITO MÚTUO DOS SERVIDORES PÚBLICOS DOS MUNICÍPIOS DA REGIÃO METROPOLITANA DA GRANDE VITÓRIA/ES;1235921;;;;b3S;2;9;VITORIA;ES;06/2016;1.142;0;67;0;0;0;1.209;0;0;0;0;-795;-795;414;0;0;-496;-367;-5;0;16;-49;-901;-487;1;-488;-4;0;-491;0
COOPERATIVA DE ECONOMIA E CRÉDITO MÚTUO DOS EMPREGADOS DA RHODIA PAULINIA;46058731;;;;b3S;2;9;PAULINIA;SP;06/2016;1.031;0;178;0;0;0;1.209;0;0;0;0;-56;-56;1.153;0;0;-174;-115;-2;0;22;0;-270;883;0;883;-3;0;880;0
SOLIDEZ - CORRETORA DE CÂMBIO, TÍTULOS E VALORES MOBILIÁRIOS LTDA;96477906;;;82925;n2;2;15;SAO PAULO;SP;06/2016;0;0;1.209;0;0;0;1.209;0;0;0;0;0;0;1.209;732;0;-925;-1.892;-16;0;0;-494;-2.595;-1.386;0;-1.386;0;0;-1.386;0
COOPERATIVA DE ECONOMIA E CRÉDITO MÚTUO DOS EMPREGADOS DO GRUPO ALGAR LTDA. - SICOOB CREDIEMPAR;1296040;;;;b3S;2;9;UBERLANDIA;MG;06/2016;1.097;0;111;0;0;0;1.209;-27;0;0;0;-19;-46;1.162;35;9;-615;-375;-4;0;110;-32;-872;290;0;290;0;0;290;0
MAGLIANO S.A. CORRETORA DE CAMBIO E VALORES MOBILIARIOS;61723847;;;82839;n2;2;15;SAO PAULO;SP;06/2016;0;0;1.209;-2;0;0;1.207;0;0;0;0;-1;-1;1.206;2.214;482;-2.297;-2.499;-276;0;81;-37;-2.332;-1.126;0;-1.126;0;0;-1.126;0
DISTRIBUIDORA INTERCAP DE TÍTULOS E VALORES MOBILIÁRIOS S.A.;2927433;INDUSVAL;50531;80415;n2;2;16;SAO PAULO;SP;06/2016;0;0;1.196;0;0;0;1.196;0;0;0;0;0;0;1.196;0;0;0;-56;-56;0;2;0;-110;1.087;0;1.087;-477;0;610;0
COOPERATIVA DE CREDITO RURAL COM INTERACAO SOLIDARIA DE MANGUEIRINHA - CRESOL MANGUEIRINHA;2961072;;;;b3S;2;9;MANGUEIRINHA;PR;06/2016;998;0;198;0;0;0;1.196;-149;-310;0;0;-179;-639;557;158;55;-202;-162;1;0;20;-116;-248;310;-7;303;-3;-6;294;-55
COOPERATIVA DE ECONOMIA E CREDITO MUTUO DOS EMPREGADOS DE ELEVADORES ATLAS SCHINDLER LTDA.;42107706;;;;b3S;2;9;RIO DE JANEIRO;RJ;06/2016;1.044;0;151;0;0;0;1.195;0;0;0;0;5;5;1.201;0;0;-491;-101;-2;0;115;-19;-497;704;0;704;0;0;704;-579
COOPERATIVA DE ECONOMIA E CRÉDITO MÚTUO DOS EMPREGADOS DA AÇO MINAS GERAIS S.A. - AÇOMINAS E EMPRESAS SUBSIDIÁRIAS EM OURO BRANCO LTDA. - COOPAÇO;17314501;;;;b3S;2;9;OURO BRANCO;MG;06/2016;382;0;812;0;0;0;1.194;0;0;0;0;-30;-30;1.163;0;0;-220;-157;-2;0;55;1;-325;838;28;867;-3;0;863;-374
HONDA LEASING S.A. - ARRENDAMENTO MERCANTIL;3634239;HONDA;51396;80611;n1;3;19;SAO PAULO;SP;06/2016;11;43;1.135;0;0;0;1.188;0;0;-43;0;0;-43;1.145;0;0;0;-535;-53;0;6;-1;-583;562;0;562;-220;0;343;0
COOPERATIVA DE CRÉDITO MÚTUO DE SERVIDORES PÚBLICOS DO ESTADO DE SÃO PAULO - CREDIFISCO;4546162;;;;b3S;2;9;SAO PAULO;SP;06/2016;641;0;546;0;0;0;1.187;-68;0;0;0;-304;-372;814;29;0;-190;-255;1;0;71;-170;-515;300;0;300;0;0;300;0
MS SOCIEDADE DE CRÉDITO AO MICROEMPREENDEDOR E À EMPRESA DE PEQUENO PORTE LTDA;17826860;;;83333;n1;2;10;FORTALEZA;CE;06/2016;1.174;0;3;0;0;0;1.176;0;0;0;0;-229;-229;947;0;0;-68;-226;-55;0;0;-22;-370;577;0;577;-152;0;425;0
COOPERATIVA DE CREDITO RURAL COM INTERACAO SOLIDARIA DE SANTA MARIA-CRESOL SANTA MARIA;5220232;;;;b3S;2;9;SANTA MARIA;RS;06/2016;1.019;0;153;0;0;0;1.172;-331;-65;0;0;-105;-501;671;51;79;-295;-371;-1;0;73;-87;-551;120;-17;103;1;0;102;0
COOPERATIVA DE ECONOMIA E CREDITO MUTUO DOS SERVIDORES PUBLICOS DE PINHÃO - CRESERV-PINHÃO;4831810;;;;b3S;2;9;PINHAO;PR;06/2016;1.111;0;60;0;0;0;1.171;-370;0;0;0;-58;-428;743;42;0;-230;-264;-1;0;0;-22;-476;267;1;268;0;0;268;-145
COOPERATIVA DE ECONOMIA E CRÉDITO MÚTUO DOS ADVOGADOS PÚBLICOS , DEFENSORES PÚBLICOS  E DELEGADOS DA POLÍCIA FEDERAL DO DISTRITO FEDERAL;14729710;;;;b3S;2;9;BRASILIA;DF;06/2016;935;0;235;0;0;0;1.170;-376;-201;0;0;-89;-665;505;28;51;-470;-413;-4;0;82;-15;-742;-237;0;-237;1;0;-238;0
COOPERATIVA DE CREDITO RURAL COM INTERACAO SOLIDARIA DE SANTA IZABEL DO OESTE - CRESOL SANTA IZABEL DO OESTE;5276770;;;;b3S;2;9;SANTA IZABEL DO OESTE;PR;06/2016;964;0;201;0;0;0;1.165;-154;-178;0;0;-201;-534;631;92;73;-229;-215;0;0;20;-180;-440;191;-7;183;-2;-7;174;-58
COBANSA COMPANHIA HIPOTECARIA;53263331;;;81878;n1;2;29;SAO PAULO;SP;06/2016;0;0;1.154;0;0;0;1.154;0;-84;0;0;0;-84;1.070;1.621;0;-1.885;-426;-217;27;226;-248;-902;168;0;168;-36;0;132;0
COOPERATIVA DE CRÉDITO RURAL COM INTERAÇÃO SOLIDÁRIA DE ENÉAS MARQUES - CRESOL ENÉAS MARQUES;8812388;;;;b3S;2;9;ENEAS MARQUES;PR;06/2016;940;0;211;0;0;0;1.152;-147;-230;0;0;-341;-719;433;114;60;-189;-172;-1;0;27;-81;-243;190;-8;183;-3;-6;174;0
COOPERATIVA DE CREDITO RURAL COM INTERACAO SOLIDARIA DE IPUMIRIM - CRESOL IPUMIRIM;5427501;;;;b3S;2;9;IPUMIRIM;SC;06/2016;870;0;279;0;0;0;1.149;-359;-109;0;0;-568;-1.037;113;87;14;-220;-271;0;0;0;-76;-466;-353;82;-271;0;0;-271;0
COOPERATIVA DE CREDITO RURAL COM INTERACAO SOLIDARIA DE IBEMA - CRESOL IBEMA;4232022;;;;b3S;2;9;IBEMA;PR;06/2016;801;0;348;0;0;0;1.149;-189;-265;0;0;-174;-628;520;120;96;-328;-399;0;0;25;-200;-687;-167;-9;-176;-3;-7;-186;0
COOPERATIVA DE CRÉDITO RURAL DOS PLANTADORES DE CANA DE ALAGOAS;12272183;;;;b3S;2;9;MACEIO;AL;06/2016;618;0;517;0;0;0;1.135;0;-36;0;0;-600;-637;498;8;0;-639;-374;-3;0;0;-58;-1.066;-568;0;-568;0;0;-568;0
COOPERATIVA DE ECONOMIA E CRÉDITO MÚTUO DOS EMPREGADOS DA TEKSID DO BRASIL LTDA., E NEMAK ALUMÍNIO DO BRASIL LTDA.;4249235;;;;b3S;2;9;BETIM;MG;06/2016;660;0;462;0;0;0;1.122;-1;0;0;0;-26;-27;1.095;13;0;-110;-124;0;0;53;0;-168;927;-1;926;0;0;926;-750
COOPERATIVA DE CRÉDITO DOS BANCÁRIOS DE SÃO PAULO E MUNICÍPIOS LIMÍTROFES;3422007;;;;b3S;2;9;SAO PAULO;SP;06/2016;893;0;222;0;0;0;1.114;-342;0;0;0;21;-320;794;12;0;-710;-197;0;0;62;0;-833;-39;0;-39;0;0;-39;-126
COOPERATIVA DE CRÉDITO DOS TRANSPORTADORES RODOVIÁRIOS E DE LOGÍSTICA DO RIO GRANDE DO SUL - TRANSULCRED;19535009;;;;b3S;2;9;BENTO GONCALVES;RS;06/2016;866;0;241;0;0;0;1.106;-356;-10;0;0;-67;-433;673;80;51;-409;-417;-2;0;0;-53;-750;-77;1;-76;0;0;-76;0
MODAL DISTRIBUIDORA DE TITULOS E VALORES MOBILIARIOS LTDA;5389174;MODAL;51963;81658;n2;2;16;RIO DE JANEIRO;RJ;06/2016;24;0;1.078;0;0;0;1.102;0;0;0;0;0;0;1.102;824;0;-776;-2.061;-114;0;10;-163;-2.280;-1.179;0;-1.179;471;0;-708;0
AGÊNCIA DE FOMENTO E DESENVOLVIMENTO DO ESTADO DO PIAUÍ S.A. PIAUÍ FOMENTO;11836226;;;81160;n1;1;30;TERESINA;PI;06/2016;610;0;492;0;0;0;1.102;0;0;0;0;-23;-23;1.079;17;12;-697;-321;-54;0;2;-3;-1.044;35;0;35;0;0;35;0
COOPERATIVA DE ECONOMIA E CRÉDITO MÚTUO DOS MÉDICOS DE JABOTICABAL - COPERMED JABOTICABAL;2159014;;;;b3S;2;9;JABOTICABAL;SP;06/2016;551;0;549;0;0;0;1.101;-479;0;0;0;-6;-485;615;30;43;-314;-327;-2;0;74;-34;-531;85;0;85;-1;0;83;0
COOPERATIVA DE CRÉDITO RURAL COM INTERAÇÃO SOLIDÁRIA DE MINISTRO ANDREAZZA   CRESOL ANDREAZZA;10514648;;;;b3S;2;9;MINISTRO ANDREAZZA;RO;06/2016;922;0;174;0;0;0;1.095;-148;-160;0;0;-397;-705;391;28;117;-298;-268;0;0;28;-154;-547;-156;-1;-157;-2;0;-159;0
COOPERATIVA DE CRÉDITO RURAL COM INTERAÇÃO SOLIDÁRIA DE JI - PARANÁ - CRESOL JI - PARANÁ;10520232;;;;b3S;2;9;JI-PARANA;RO;06/2016;898;0;197;0;0;0;1.095;-169;-210;0;0;-239;-617;478;67;135;-318;-346;0;0;34;-129;-557;-79;-5;-84;-1;0;-85;0
COOPERATIVA DE ECONOMIA E CRÉDITO MÚTUO DOS COLABORADORES DA CEBRACE;53184438;;;;b3S;2;9;JACAREI;SP;06/2016;1.043;0;49;0;0;0;1.092;0;0;0;0;-10;-10;1.082;0;0;-121;-144;1;0;17;0;-248;834;0;834;0;0;834;-746
COOPERATIVA DE ECONOMIA E CRÉDITO MÚTUO DOS TRABALHADORES DA UNIVERSIDADE FEDERAL DE MINAS GERAIS LTDA. - COOPECREMT-UFMG;1918144;;;;b3S;2;9;BELO HORIZONTE;MG;06/2016;1.066;0;24;0;0;0;1.090;-52;0;0;0;-228;-280;809;16;0;-485;-294;-1;0;79;-1;-686;124;0;124;1;0;123;-25
AGENCIA DE FOMENTO DO ESTADO DE RORAIMA S.A. - AFERR;3058464;;;81036;n1;1;30;BOA VISTA;RR;06/2016;55;0;1.028;0;0;0;1.083;0;0;0;0;-287;-287;796;13;0;-2.188;-598;-51;0;2;0;-2.823;-2.027;2.371;345;-97;0;248;0
TERRA INVESTIMENTOS DISTRIBUIDORA DE TÍTULOS E VALORES MOBILIÁRIOS LTDA.;3751794;;;84514;n2;2;16;SAO PAULO;SP;06/2016;0;0;986;92;0;0;1.078;0;0;0;0;-46;-46;1.032;5.285;4.117;-1.454;-7.998;-873;0;538;-299;-684;349;0;349;-117;0;232;0
OLIVEIRA FRANCO SOCIEDADE CORRETORA DE VALORES E CAMBIO LTDA;76633486;;;82901;n2;2;15;CURITIBA;PR;06/2016;0;0;931;0;147;0;1.077;-663;0;0;0;0;-663;415;0;0;-141;-221;-19;0;35;-17;-363;51;0;51;1;0;51;0
COOPERATIVA DE CRÉDITO DE SERVIDORES PÚBLICOS COOPERPLAN LTDA. - SICOOB COOPERPLAN;2674113;;;;b3S;2;9;BRASILIA;DF;06/2016;1.021;0;53;0;0;0;1.074;-114;-143;0;0;-330;-587;487;14;45;-208;-319;-2;161;3;-26;-332;155;99;254;1;0;253;-96
CA INDOSUEZ WEALTH (BRAZIL) S.A. DISTRIBUIDORA DE TÍTULOS E VALORES MOBILIÁRIOS;1638542;CREDIT AGRICOLE;51066;80491;n2;3;16;SAO PAULO;SP;06/2016;0;0;1.065;0;0;0;1.065;0;0;0;0;0;0;1.065;9.425;0;-17.587;-6.713;-616;0;4.395;-816;-11.912;-10.846;-7;-10.853;0;-559;-11.412;0
COOPERATIVA DE CRÉDITO RURAL COM INTERAÇÃO SOLIDÁRIA DE FREI ROGÉRIO - CRESOL FREI ROGÉRIO;6890201;;;;b3S;2;9;FREI ROGERIO;SC;06/2016;909;0;156;0;0;0;1.065;-240;-160;0;0;-199;-599;466;90;12;-351;-378;0;0;20;-150;-757;-291;-41;-332;0;0;-332;0
BANCO PETRA S.A.;11758741;PETRA;51688;80790;b1;2;2;CURITIBA;PR;06/2016;0;0;1.063;0;0;0;1.063;-6;0;0;0;0;-6;1.058;13.066;2.179;-9.842;-5.438;-1.523;1.490;39;-398;-427;630;23;654;72;-9;717;0
COOPERATIVA DE ECONOMIA E CRÉDITO MÚTUO DOS EMPREGADOS DA MINERACÃO RIO DO NORTE S/A, EM PORTO TROMBETAS LIMITADA -  CREDNORTE;4998845;;;;b3S;2;9;ORIXIMINA;PA;06/2016;871;0;189;0;0;0;1.060;0;0;0;0;-10;-10;1.050;0;0;-88;-220;1;0;2;0;-307;744;0;744;0;0;744;-528
COOPERATIVA DE ECONOMIA E CRÉDITO MÚTUO DOS FUNCIONÁRIOS DA ASTRAZENECA DO BRASIL;1288797;;;;b3S;2;9;COTIA;SP;06/2016;897;0;161;0;0;0;1.058;0;0;0;0;-25;-25;1.033;0;0;0;-182;0;0;18;-1;-165;868;0;868;0;0;868;-470
CCB BRASIL DISTRIBUIDORA DE TÍTULOS E VALORES MOBILIÁRIOS S.A.;69720894;CCB;32119;80295;n2;3;16;SAO PAULO;SP;06/2016;0;0;1.057;0;0;0;1.057;0;0;0;0;0;0;1.057;0;0;0;-185;-125;0;961;0;651;1.708;0;1.708;-709;0;999;0
COOPERATIVA DE ECONOMIA E CREDITO MUTUO DOS SERVIDORES DA EMPRESA BRASILEIRA DE CORREIOS E TELEGRAFOS LTDA;42100982;;;;b3S;2;9;RIO DE JANEIRO;RJ;06/2016;1.055;0;0;0;0;0;1.055;-7;0;0;0;97;90;1.145;10;0;-876;-410;-4;0;22;-2;-1.259;-115;0;-115;0;0;-115;0
COOPERATIVA DE ECONOMIA E CRÉDITO MÚTUO DOS EMPRESÁRIOS DE LENÇÓIS PAULISTA - SICOOB CRED-ACILPA;9004796;;;;b3S;2;9;LENCOIS PAULISTA;SP;06/2016;767;0;277;0;0;0;1.044;-206;0;0;0;29;-178;866;119;158;-357;-326;-4;0;17;-21;-415;451;0;451;-4;0;447;0
COOPERATIVA DE ECONOMIA E CRÉDITO MÚTUO CECREB;67087569;;;;b3S;2;9;SAO PAULO;SP;06/2016;1.033;0;0;0;0;0;1.033;0;0;0;0;70;70;1.103;0;0;-220;-124;-2;0;23;0;-323;779;0;779;0;0;779;-565
COOPERATIVA DE ECONOMIA E CRÉDITO MÚTUO DOS EMPREGADOS DA TAKATA-PETRI;47944277;;;;b3S;2;9;JUNDIAI;SP;06/2016;1.030;0;1;0;0;0;1.031;0;0;0;0;-19;-19;1.012;0;0;0;-210;0;0;16;-10;-203;809;0;809;0;0;809;0
COOPERATIVA DE ECONOMIA E CRÉDITO MÚTUO DOS EMPREGADOS DO GRUPO TELEFÔNICA;57598120;;;;b3S;2;9;SAO PAULO;SP;06/2016;949;0;81;0;0;0;1.030;0;0;0;0;-110;-110;919;0;0;-399;-186;-3;0;21;0;-567;353;19;372;-6;-17;349;0
COOPERATIVA DE CRÉDITO RURAL COM INTERAÇÃO SOLIDÁRIA DE PAIM FILHO - CRESOL PAIM FILHO;7252614;;;;b3S;2;9;PAIM FILHO;RS;06/2016;685;0;339;0;0;0;1.024;-377;-56;0;0;-55;-487;537;53;11;-139;-146;0;0;13;-93;-301;236;-5;231;-1;0;230;0
SITA SOCIEDADE CORRETORA DE CAMBIO E VALORES MOBILIARIOS S.A;17315359;;;82743;n2;2;15;BELO HORIZONTE;MG;06/2016;264;0;702;47;0;0;1.013;0;0;0;0;0;0;1.013;916;427;-1.461;-774;-317;0;2;-415;-1.622;-609;0;-609;0;0;-609;0
GRACO CORRETORA DE CAMBIO S.A.;65982589;;;82169;n2;2;21;POA;SP;06/2016;0;0;0;0;1.011;0;1.012;0;0;0;0;-103;-103;909;990;1;-1.277;-2.202;-138;0;5;-469;-3.091;-2.182;-1.037;-3.220;0;0;-3.220;0
COOPERATIVA DE ECONOMIA E CRÉDITO MÚTUO DOS FUNCIONÁRIOS DA CIA AÇUCAREIRA VALE DO ROSÁRIO - COOPERVALE;44958981;;;;b3S;2;9;MORRO AGUDO;SP;06/2016;997;0;15;0;0;0;1.012;0;0;0;0;-63;-63;948;0;0;-241;-121;-1;0;40;-5;-328;620;0;620;0;0;620;0
COOPERATIVA DE CRÉDITO RURAL COM INTERAÇÃO SOLIDÁRIA DE SÃO JOÃO DO ITAPERIÚ   CRESOL SÃO JOÃO DO ITAPERIÚ;13059232;;;;b3S;2;9;SAO JOAO DO ITAPERIU;SC;06/2016;828;0;183;0;0;0;1.011;-217;-120;0;0;-114;-451;560;41;62;-197;-252;-13;0;403;-131;-87;472;-6;466;-3;-6;458;-38
COOPERATIVA DE CREDITO RURAL COM INTERACAO SOLIDARIA DE MARCELINO RAMOS-CRESOL MARCELINO RAMOS;5211129;;;;b3S;2;9;MARCELINO RAMOS;RS;06/2016;552;0;459;0;0;0;1.011;-516;-45;0;0;15;-546;465;62;16;-218;-212;0;0;43;-161;-470;-6;-5;-11;0;0;-11;0
COOPERATIVA DE ECONOMIA E CRÉDITO MÚTUO DOS PROFISSIONAIS DA ÁREA DE SAÚDE DE PIRACICABA E REGIÃO;2072790;;;;b3S;2;9;PIRACICABA;SP;06/2016;642;0;366;0;0;0;1.007;-349;-3;0;0;-9;-362;645;43;45;-185;-281;-2;0;28;-6;-359;287;0;287;-11;0;276;0
PARATI - CREDITO, FINANCIAMENTO E INVESTIMENTO S.A.;3311443;;;83443;n1;2;14;VITORIA;ES;06/2016;301;0;705;0;0;0;1.006;0;0;0;0;2;2;1.008;0;18;-207;-327;-49;0;14;-64;-614;394;0;394;-156;0;238;0
COOPERATIVA DE CRÉDITO RURAL COM INTERAÇÃO SOLIDÁRIA DE CAPANEMA - CRESOL CAPANEMA;1201006;;;;b3S;2;9;CAPANEMA;PR;06/2016;621;0;380;0;0;0;1.001;-285;-220;0;0;-49;-554;447;144;72;-209;-202;0;0;37;-103;-262;185;-7;178;-3;-7;168;-26
COOPERATIVA DE CRÉDITO RURAL COM INTERAÇÃO SOLIDÁRIA DO EXTREMO NORTE DO ESPÍRITO SANTO   CRESOL EXTREMO NORTE ES;7642803;;;;b3S;2;9;NOVA VENECIA;ES;06/2016;845;0;153;0;0;0;998;-140;-116;0;0;-333;-589;409;44;175;-356;-349;0;0;38;-84;-532;-123;-7;-130;-2;0;-131;0
COOPERATIVA DE ECONOMIA E CRÉDITO MÚTUO DOS EMPREGADOS DAS EMPRESAS DO GRUPO ECONÔMICO RHODIA;57563728;;;;b3S;2;9;SANTO ANDRE;SP;06/2016;832;0;165;0;0;0;997;-188;0;0;0;7;-181;816;0;0;-267;-156;-2;0;24;-11;-413;404;0;404;0;-18;386;0
COOPERATIVA DE ECONOMIA E CRÉDITO MÚTUO DOS EMPREGADOS DA NOVELIS;57545436;;;;b3S;2;9;SANTO ANDRE;SP;06/2016;960;0;34;0;0;0;993;0;0;0;0;-48;-48;946;3;0;-234;-94;-1;0;14;0;-312;633;0;633;0;0;633;0
COOPERATIVA DE CRÉDITO MÚTUO DOS SERVIDORES DA SEGURANÇA PÚBLICA DE SÃO PAULO - CREDIAFAM;4804353;;;;b3S;2;9;SAO PAULO;SP;06/2016;715;0;259;0;0;0;974;0;0;0;0;-391;-391;583;0;0;-251;-107;-1;0;14;-16;-361;222;-2;220;0;0;220;0
COOPERATIVA DE ECONOMIA E CRÉDITO MÚTUO DOS ENGENHEIROS, ARQUITETOS, AGRÔNOMOS E AFINS DO ESTADO DO RIO GRANDE DO SUL;9187555;;;;b3S;2;9;PORTO ALEGRE;RS;06/2016;796;0;174;0;0;0;970;-407;0;0;0;-103;-510;460;74;11;-343;-358;0;0;0;-3;-619;-159;0;-159;0;0;-159;-60
COOPERATIVA DE ECONOMIA E CRÉDITO MÚTUO DOS SERVIDORES DO SEMASA - SICOOB CECRESA;512839;;;;b3S;2;9;SANTO ANDRE;SP;06/2016;871;0;91;0;0;0;962;-20;0;0;0;-15;-36;926;12;5;-257;-228;-2;0;16;-9;-462;464;0;464;-4;0;461;0
COOPERATIVA DE ECONOMIA E CRÉDITO MÚTUO DOS SERVIDORES PÚBLICOS MUNICIPAIS EM JOÃO MONLEVADE LTDA.;18310649;;;;b3S;2;9;JOAO MONLEVADE;MG;06/2016;876;0;84;0;0;0;960;0;0;0;0;-8;-8;952;4;0;-233;-175;1;0;0;-2;-407;546;3;549;-16;0;533;0
COOPERATIVA DE ECONOMIA E CRÉDITO MÚTUO DOS EMPREGADOS DA MERCK SHARP E DOHME FARMACEUTICA -  COOPERMERCK;2814832;;;;b3S;2;9;SAO PAULO;SP;06/2016;740;0;216;0;0;0;956;0;0;0;0;-1;-1;955;0;0;-197;-106;-1;0;33;1;-273;682;0;682;0;-18;664;0
COPERCRED - COOPERATIVA DE ECONOMIA E CRÉDITO MÚTUO DOS EMPREGADOS DAS EMPRESAS ZILLO LORENZETTI;58022195;;;;b3S;2;9;LENCOIS PAULISTA;SP;06/2016;792;0;158;0;0;0;950;-102;0;0;0;25;-78;873;0;0;-405;-277;-3;0;107;0;-578;295;8;303;-2;0;301;0
COOPERATIVA DE CRÉDITO RURAL SENHOR DO BONFIM LTDA. - SICOOB BONFIM;4317316;;;;b3S;2;9;SENHOR DO BONFIM;BA;06/2016;806;0;144;0;0;0;950;-142;-18;0;0;-168;-329;622;130;277;-462;-483;-8;0;74;-80;-552;70;2;72;-4;0;68;0
COOPERATIVA DE ECONOMIA E CREDITO MUTUO DOS FUNCIONARIOS DE PRODUTOS ROCHE QUIMICOS E FARMACEUTICOS S.A., LTDA;42123000;;;;b3S;2;9;RIO DE JANEIRO;RJ;06/2016;822;0;127;0;0;0;949;0;0;0;0;-4;-4;946;0;0;-299;-74;-2;0;44;0;-332;614;0;614;0;0;614;-462
COOPERATIVA DE CRÉDITO RURAL COM INTERAÇÃO SOLIDÁRIA DE PORTO LUCENA - CRESOL PORTO LUCENA;9051765;;;;b3S;2;9;PORTO LUCENA;RS;06/2016;716;0;229;0;0;0;945;-303;-50;0;0;-293;-646;300;79;3;-265;-240;0;0;18;-108;-514;-214;-17;-230;0;0;-230;0
COOPERATIVA DE ECONOMIA E CRÉDITO MÚTUO DOS SERVIDORES DA ADMINISTRAÇÃO PÚBLICA MUNICIPAL DE PORTO ALEGRE;5460750;;;;b3S;2;9;PORTO ALEGRE;RS;06/2016;932;0;3;0;0;0;935;-40;0;0;0;-24;-64;870;254;0;-250;-488;-1;0;0;-3;-489;381;0;381;-16;0;365;-150
COOPERATIVA DE CRÉDITO RURAL COM INTERAÇÃO SOLIDÁRIA DE UNIÃO DOS PLANALTOS - CRESOL UNIÃO DOS PLANALTOS;8597482;;;;b3S;2;9;LAPA;PR;06/2016;587;0;347;0;0;0;934;-243;-208;0;0;-6;-457;476;127;59;-233;-193;0;0;14;-109;-335;141;-5;136;-2;-9;125;0
COOPERATIVA DE CREDITO RURAL COM INTERACAO SOLIDARIA DE SALGADO FILHO - CRESOL SALGADO FILHO;4611476;;;;b3S;2;9;SALGADO FILHO;PR;06/2016;736;0;198;0;0;0;933;-201;-209;0;0;-438;-847;86;101;72;-202;-201;0;0;13;-93;-309;-223;-11;-234;-3;0;-237;0
JGP DISTRIBUIDORA DE TÍTULOS E VALORES MOBILIÁRIOS LTDA.;14035129;;;84284;n2;2;16;RIO DE JANEIRO;RJ;06/2016;0;0;928;0;0;0;928;0;0;0;0;0;0;928;24.316;0;-1.665;-1.508;-1.660;0;1.000;0;20.483;21.411;0;21.411;-8.581;-2.128;10.702;0
COOPERATIVA DE CRÉDITO MÚTUO DOS FUNCIONÁRIOS DO GRUPO ABC - COOPER 7;4414354;;;;b3S;2;9;SAO BERNARDO DO CAMPO;SP;06/2016;896;0;25;0;0;0;921;0;-4;0;0;-25;-29;892;0;0;-40;-78;0;0;12;1;-106;786;0;786;0;0;786;0
SANTANDER BRASIL ASSET MANAGEMENT DISTRIBUIDORA DE TITULOS E VALORES MOBILIÁRIOS S.A.;10977742;SANTANDER;30379;80185;n2;3;16;SAO PAULO;SP;06/2016;0;0;908;0;0;0;908;0;0;0;0;0;0;908;6.002;0;-2.352;-571;-3.392;0;8.930;-5.009;3.608;4.516;0;4.516;695;-2.855;2.357;0
COOPERATIVA DE CRÉDITO RURAL COM INTERAÇÃO SOLIDÁRIA DE CAPÃO BONITO - CRESOL CAPÃO BONITO;9476168;;;;b3S;2;9;CAPAO BONITO;SP;06/2016;290;0;599;0;0;0;889;-234;-23;0;0;-66;-323;567;12;67;-191;-239;0;0;7;-89;-433;134;-5;129;-2;-7;121;0
COOPERATIVA DE ECONOMIA E CRÉDITO MÚTUO DOS FUNCIONÁRIOS DA TICKET SERVIÇOS COMÉRCIO E ADMINISTRAÇÃO;57440521;;;;b3S;2;9;SAO PAULO;SP;06/2016;391;0;491;0;0;0;882;0;0;0;0;-33;-33;850;0;0;-286;-143;-1;0;0;-5;-435;415;0;415;0;0;415;0
COOPERATIVA DE CRÉDITO RURAL COM INTERAÇÃO SOLIDÁRIA DE NOVA ESPERANÇA DO SUDOESTE - CRESOL NOVA ESPERANÇA DO SUDOESTE;7926510;;;;b3S;2;9;NOVA ESPERANCA DO SUDOESTE;PR;06/2016;656;0;223;0;0;0;879;-164;-183;0;0;-120;-468;412;90;64;-153;-194;0;0;20;-88;-261;151;-17;134;-6;-4;124;-29
COOPERATIVA DE ECONOMIA E CRÉDITO MÚTUO DOS EMPREGADOS DA CONFAB;59305565;;;;b3S;2;9;PINDAMONHANGABA;SP;06/2016;634;0;243;0;0;0;876;0;0;0;0;-73;-73;803;0;0;-200;-115;-2;0;114;0;-203;600;1;601;0;-6;595;0
COOPERATIVA DE ECONOMIA E CREDITO MUTUO DOS SERVIDORES ESTATUTARIOS DA ADMINISTRACAO DIRETA DO ESTADO DO ESPIRITO SANTO - COOPFISCO;2475222;;;;b3S;2;9;VITORIA;ES;06/2016;773;0;99;0;0;0;872;-145;0;0;0;11;-134;738;4;1;-236;-194;-6;0;23;-2;-410;328;2;330;-33;0;297;-78
COOPERATIVA DE ECONOMIA E CRÉDITO MÚTUO DOS FUNCIONÁRIOS DA GERDAU S.A. - UNIDADE PINDAMONHANGABA;60219045;;;;b3S;2;9;PINDAMONHANGABA;SP;06/2016;570;0;298;0;0;0;868;0;0;0;0;-351;-351;518;1;0;-210;-138;-1;0;84;0;-264;253;0;253;0;0;253;0
COOPERATIVA DE CRÉDITO RURAL HORIZONTES NOVOS DE BARÃO DE COTEGIPE - CREHNOR NORTE;5996245;;;;b3S;2;9;BARAO DE COTEGIPE;RS;06/2016;752;0;116;0;0;0;868;-304;0;0;0;-254;-558;310;14;123;-223;-344;0;0;86;-135;-479;-170;0;-170;0;0;-170;0
COOPERATIVA DE ECONOMIA E CRÉDITO MÚTUO DOS COLABORADORES DA VALE S.A. - LTDA. - SICOOB CREDIVALE;20961629;;;;b3S;2;9;ITABIRA;MG;06/2016;753;0;115;0;0;0;868;-14;0;0;0;-116;-130;738;114;12;-404;-401;-13;0;103;-91;-680;58;1;59;-5;0;54;0
COOPERATIVA DE ECONOMIA E CRÉDITO MÚTUO DOS FUNCIONÁRIOS DA INTERNATIONAL INDÚSTRIA AUTOMOTIVA DA AMÉRICA DO SUL;59620708;;;;b3S;2;9;SAO PAULO;SP;06/2016;539;0;329;0;0;0;868;0;0;0;0;33;33;901;0;0;-214;-131;-1;0;0;0;-346;555;-3;552;0;0;552;0
CRETOVALE - COOPERATIVA DE ECONOMIA E CRÉDITO MÚTUO DOS TRABALHADORES DA VALE;28145589;;;;b3S;2;9;VITORIA;ES;06/2016;846;0;16;0;0;0;862;0;0;0;0;-86;-86;776;0;0;-448;-216;-3;0;250;1;-418;358;-55;303;-1;0;302;0
COOPERATIVA DE CRÉDITO MÚTUO DOS EMPREGADOS EM INSTITUIÇÕES DO SISTEMA FINANCEIRO NAS REGIÕES DE SÃO PAULO E CAMPINAS (SP) - CREDISCOOP;3674133;;;;b3S;2;9;SAO PAULO;SP;06/2016;714;0;123;0;0;0;837;-160;0;0;0;-25;-186;652;0;0;-219;-99;1;0;14;-59;-364;288;0;288;0;-9;279;-109
COOPERATIVA DE ECONOMIA E CRÉDITO MÚTUO DOS EMPREGADOS, APOSENTADOS E PENSIONISTAS DA COMPANHIA ESTADUAL DE ENERGIA ELÉTRICA E ELETRICITÁRIOS DO RIO GRANDE DO SUL   CRECE;92825397;;;;b3S;2;9;PORTO ALEGRE;RS;06/2016;815;0;14;0;0;0;829;-136;0;0;0;-74;-210;619;181;0;-532;-221;0;0;37;-1;-535;83;2;85;0;0;85;0
COOPERATIVA DE ECONOMIA E CREDITO MUTUO JOHN F. KENNEDY LTDA;33735192;;;;b3S;2;9;RIO DE JANEIRO;RJ;06/2016;801;0;26;0;0;0;826;-126;0;0;0;-153;-279;547;0;0;-279;-182;-1;0;9;0;-453;94;13;107;-1;0;106;0
COOPERATIVA DE ECONOMIA E CRÉDITO MÚTUO DOS FUNCIONÁRIOS DO HOSPITAL VERA CRUZ E VERA CRUZ ASSOCIAÇÃO DE SAÚDE;44588366;;;;b3S;2;9;CAMPINAS;SP;06/2016;676;0;141;0;0;0;817;1;0;0;0;-206;-206;611;42;0;-184;-178;-2;0;14;-14;-321;289;0;289;-7;0;282;0
COOPERATIVA DE CRÉDITO RURAL COM INTERAÇÃO SOLIDÁRIA DE CORONEL FREITAS - CRESOL CORONEL FREITAS;8647473;;;;b3S;2;9;CORONEL FREITAS;SC;06/2016;621;0;196;0;0;0;817;-220;-74;0;0;-256;-549;267;73;16;-136;-137;0;0;0;-168;-352;-85;7;-78;0;0;-78;0
COOPERATIVA DE ECONOMIA E CRÉDITO MÚTUO DOS ADVOGADOS DO RIO GRANDE DO SUL - SICREDI COOABCRED/RS;19962468;;;;b3S;2;9;PORTO ALEGRE;RS;06/2016;310;0;502;0;0;0;812;-431;0;0;0;-78;-509;302;111;70;-199;-171;-5;0;15;-175;-354;-52;0;-52;-1;0;-53;0
OPPORTUNITY DISTRIBUIDORA DE TÍTULOS E VALORES MOBILIÁRIOS LTDA;1582158;;;80518;n2;2;16;RIO DE JANEIRO;RJ;06/2016;0;0;810;0;0;0;810;0;0;0;0;0;0;810;4.400;0;-1.505;-2.364;-256;0;231;-12;494;1.304;0;1.304;-64;-1.100;140;0
COOPERATIVA DE CRÉDITO MÚTUO DOS SERVIDORES DE ÓRGAOS GESTORES DE RECURSOS HÍDRICOS DO ESTADO DE SÃO PAULO - COOPERHIDRO;53800488;;;;b3S;2;9;SAO PAULO;SP;06/2016;736;0;74;0;0;0;810;-117;0;0;0;-139;-256;554;0;0;-235;-189;-1;0;31;0;-394;160;0;160;0;0;160;0
COOPERATIVA DE CRÉDITO RURAL COM INTERAÇÃO SOLIDÁRIA DE SÃO JOÃO DO SUL - CRESOL SÃO JOÃO DO SUL;9488496;;;;b3S;2;9;SAO JOAO DO SUL;SC;06/2016;533;0;276;0;0;0;809;-374;-37;0;0;6;-405;404;53;13;-219;-195;0;0;6;-52;-393;10;6;16;0;0;16;0
COOPERATIVA DE CRÉDITO RURAL COM INTERAÇÃO SOLIDÁRIA DE IRINEÓPOLIS - CRESOL IRINEÓPOLIS;9433005;;;;b3S;2;9;IRINEOPOLIS;SC;06/2016;696;0;111;0;0;0;807;-217;-77;0;0;-77;-371;436;42;14;-191;-215;0;0;22;-96;-424;12;-2;10;1;0;10;0
COOPERATIVA DE CREDITO RURAL DE IBIAM - SULCREDI/IBIAM;8240446;;;;b3S;2;9;IBIAM;SC;06/2016;586;0;220;0;0;0;806;-178;-32;0;0;-130;-340;466;6;29;-263;-289;0;0;61;-10;-465;0;-3;-3;1;0;-4;0
COOPERATIVA DE ECONOMIA E CRÉDITO MÚTUO DOS FUNCIONÁRIOS DO SISTEMA FIERGS-CRESUL;92675578;;;;b3S;2;9;PORTO ALEGRE;RS;06/2016;710;0;89;0;0;0;799;1;0;0;0;5;4;803;1;0;-83;-101;1;0;0;0;-184;619;0;619;-22;0;597;0
COOPERATIVA DE ECONOMIA E CRÉDITO MÚTUO DOS SERVIDORES PÚBLICOS DE CHAPECÓ E REGIÃO - CRESOL CREDI CHAPECÓ;4769421;;;;b3S;2;9;CHAPECO;SC;06/2016;693;0;105;0;0;0;798;-270;-70;0;0;-167;-506;292;63;2;-268;-295;0;0;1;-132;-629;-337;-156;-493;0;0;-493;0
COOPERATIVA DE ECONOMIA E CRÉDITO MÚTUO DOS SERVIDORES DA PREFEITURA MUNICIPAL DE ORLÂNDIA - CRED SERV;946465;;;;b3S;2;9;ORLANDIA;SP;06/2016;785;0;12;0;0;0;797;0;-10;0;0;-10;-19;778;0;0;-49;-116;0;0;20;0;-145;633;0;633;0;0;633;0
INFINITY CORRETORA DE CÂMBIO, TÍTULOS E VALORES MOBILIÁRIOS S.A.;3014007;;;82671;n2;2;15;SAO PAULO;SP;06/2016;0;0;140;645;0;0;784;0;0;0;0;0;0;784;82;0;-1.035;-619;-38;0;0;0;-1.610;-826;0;-826;0;0;-826;0
COOPERATIVA DE ECONOMIA E CRÉDITO MÚTUO DOS SERVIDORES DO DISTRITO FEDERAL LTDA. - COOSERVCRED;778858;;;;b3S;2;9;BRASILIA;DF;06/2016;772;0;9;0;0;0;782;-65;0;0;0;6;-59;723;0;0;-345;-161;0;0;20;0;-486;238;11;248;0;0;248;0
COOPERATIVA DE CRÉDITO RURAL COM INTERAÇÃO SOLIDÁRIA DE SANTA TEREZINHA DO PROGRESSO - CRESOL SANTA TEREZINHA DO PROGRESSO;8652872;;;;b3S;2;9;SANTA TEREZINHA DO PROGRESSO;SC;06/2016;680;0;102;0;0;0;782;-192;-30;0;0;-147;-368;413;43;26;-204;-259;0;0;2;-58;-450;-36;11;-25;0;0;-25;0
BACOR CORRETORA DE CÂMBIO E VALORES MOBILÍÁRIOS S.A.;15213150;BBM;30207;80161;n2;2;15;SALVADOR;BA;06/2016;0;0;762;0;0;0;762;0;0;0;0;0;0;762;838;0;-353;-343;-92;0;0;-114;-65;698;0;698;-253;-111;334;0
COOPERATIVA DE CRÉDITO RURAL COM INTERAÇÃO SOLIDÁRIA DE RIO BRANCO DO SUL - CRESOL RIO BRANCO DO SUL;10512171;;;;b3S;2;9;RIO BRANCO DO SUL;PR;06/2016;601;0;160;0;0;0;762;-87;-66;0;0;-188;-340;421;35;70;-135;-149;0;0;15;-107;-271;151;-5;146;-2;-4;140;0
COOPERATIVA DE CRÉDITO MÚTUO DOS POLICIAIS FEDERAIS E SERVIDORES DA UNIÃO NO ESPÍRITO SANTO - CREDFEDERAL;2083914;;;;b3S;2;9;VILA VELHA;ES;06/2016;639;0;119;0;0;0;758;-264;0;0;0;-52;-316;442;6;0;-216;-95;-7;0;0;0;-311;131;4;135;-8;0;128;0
COOPERATIVA DE CRÉDITO MÚTUO DOS EMPREGADOS DA SKF E COLIGADAS;49091119;;;;b3S;2;9;CAJAMAR;SP;06/2016;746;0;6;0;0;0;752;0;0;0;0;-19;-19;732;0;0;-43;-154;0;0;14;0;-183;549;0;549;0;0;549;0
COOPERATIVA DE ECONOMIA E CRÉDITO MÚTUO DOS EMPREGADOS DAS EMPRESAS SIDERÚRGICAS, METALÚRGICAS E ELETRO-MECÂNICAS DE JOÃO MONLEVADE LTDA. - SICOOB CREDIBELGO;24235459;;;;b3S;2;9;JOAO MONLEVADE;MG;06/2016;736;0;15;0;0;0;751;-2;-7;0;0;-76;-84;667;0;0;-307;-190;0;0;65;-2;-435;232;5;237;0;0;237;0
COOPERATIVA DE ECONOMIA E CRÉDITO MÚTUO DOS EMPRESÁRIOS DE PRESIDENTE VENCESLAU - SICOOB CREDIACIPREV;8937938;;;;b3S;2;9;PRESIDENTE VENCESLAU;SP;06/2016;388;0;363;0;0;0;751;-189;0;0;0;15;-174;577;33;94;-233;-252;-2;0;17;-11;-353;224;2;226;-2;-9;214;0
COOPERATIVA DE CRÉDITO RURAL COM INTERAÇÃO SOLIDÁRIA DE JARU - CRESOL JARU;10514580;;;;b3S;2;9;JARU;RO;06/2016;607;0;143;0;0;0;750;-94;-125;0;0;-49;-267;483;36;104;-279;-251;0;0;27;-123;-486;-3;-5;-8;-1;0;-9;-29
VR DISTRIBUIDORA DE TÍTULOS E VALORES MOBILIÁRIOS LTDA.;64835226;VR;50524;80408;n2;2;16;BARUERI;SP;06/2016;0;0;745;0;0;0;745;0;0;0;0;0;0;745;0;0;0;-121;-35;0;0;0;-156;589;-1;588;-253;0;336;0
COOPERATIVA DE ECONOMIA E CRÉDITO MÚTUO DOS EMPREGADOS DAS EMPRESAS CONTROLADAS E COLIGADAS DA USINA SANTA ADELIA - USAGRO;68969625;;;;b3S;2;9;JABOTICABAL;SP;06/2016;616;0;129;0;0;0;745;-5;0;0;0;-18;-24;721;2;0;-171;-99;-1;0;15;0;-254;467;0;467;1;0;466;0
BR PARTNERS CORRETORA DE TÍTULOS E VALORES MOBILIÁRIOS S.A.;16695922;BR PARTNERS;51822;80934;n2;2;15;SAO PAULO;SP;06/2016;0;0;745;0;0;0;745;0;0;0;0;0;0;745;0;0;0;-279;-35;0;35;0;-278;466;0;466;-199;0;267;0
COOPERATIVA DE CRÉDITO MÚTUO DOS EMPREGADOS DA PILKINGTON BRASIL;2104058;;;;b3S;2;9;CACAPAVA;SP;06/2016;692;0;52;0;0;0;743;0;0;0;0;-2;-2;741;0;0;-136;-130;0;0;14;0;-252;490;0;490;0;0;490;0
BMC ASSET MANAGEMENT - DISTRIBUIDORA DE TÍTULOS E VALORES MOBILIÁRIOS LTDA.;4163016;BRADESCO;10045;80075;n2;2;16;OSASCO;SP;06/2016;0;0;743;0;0;0;743;0;0;0;0;0;0;743;0;0;0;-150;-55;0;20;-26;-211;532;0;532;-235;0;298;0
COOPERATIVA DE CRÉDITO RURAL COM INTERAÇÃO SOLIDÁRIA DE TAMBOARA - CRESOL TAMBOARA;11282942;;;;b3S;2;9;TAMBOARA;PR;06/2016;631;0;111;0;0;0;742;-110;-103;0;0;-318;-531;211;41;54;-161;-168;0;0;13;-149;-369;-158;-8;-166;-2;0;-169;0
COOPERATIVA DE CRÉDITO RURAL COM INTERAÇÃO SOLIDÁRIA DE ITATIBA DO SUL - CRESOL ITATIBA DO SUL;5745533;;;;b3S;2;9;ITATIBA DO SUL;RS;06/2016;560;0;177;0;0;0;738;-184;-118;0;0;-41;-343;395;124;5;-135;-136;0;0;10;-60;-191;203;-4;200;0;0;200;0
COOPERATIVA DE ECONOMIA E CRÉDITO MÚTUO DOS FUNCIONÁRIOS DA BOMBRIL;57038408;;;;b3S;2;9;SAO BERNARDO DO CAMPO;SP;06/2016;721;0;16;0;0;0;737;0;0;0;0;-17;-17;720;0;0;-214;-103;-1;0;66;0;-253;467;0;467;0;-23;444;0
COOPERATIVA DE CRÉDITO RURAL COM INTERAÇÃO SOLIDÁRIA DE JACINTO MACHADO - CRESOL JACINTO MACHADO;9463721;;;;b3S;2;9;JACINTO MACHADO;SC;06/2016;560;0;175;0;0;0;734;-254;-70;0;0;-49;-374;361;33;21;-182;-188;0;0;0;-53;-370;-9;-2;-11;0;0;-11;0
COOPERATIVA DE CRÉDITO RURAL COM INTERAÇÃO SOLIDÁRIA DE ALTO PARANÁ - CRESOL ALTO PARANÁ;11453724;;;;b3S;2;9;ALTO PARANA;PR;06/2016;588;0;143;0;0;0;731;-122;-136;0;0;-100;-358;373;41;71;-183;-166;0;0;15;-114;-336;36;-7;29;-3;-6;21;0
ARC CORRETORA DE CAMBIO, ASSOCIADOS GOUVEIA, CAMPEDELLI S.A.;4684647;;;82066;n2;2;21;SANTOS;SP;06/2016;0;0;100;0;630;0;730;0;0;0;0;0;0;730;516;0;-723;-463;-87;0;301;0;-457;273;10;283;-116;0;168;0
LAMARA SOCIEDADE DE CRÉDITO AO MICROEMPREENDEDOR E A EMPRESA DE PEQUENO PORTE LTDA;19324634;;;84394;n1;2;10;FORTALEZA;CE;06/2016;711;0;18;0;0;0;729;0;0;0;0;-47;-47;682;0;0;-8;-293;-34;0;0;-3;-338;344;0;344;-101;0;243;0
COOPERATIVA DE ECONOMIA E CRÉDITO MÚTUO DOS TRABALHADORES NAS INDÚSTRIAS DE EXTRAÇÃO DE FERRO E METAIS BÁSICOS DA REGIÃO DE CONGONHAS LTDA. - COOFERSE;71384697;;;;b3S;2;9;CONGONHAS;MG;06/2016;507;0;220;0;0;0;727;0;0;0;0;6;6;734;0;0;-69;-180;0;0;11;-9;-247;487;0;487;0;0;487;0
COOPERATIVA DE ECONOMIA E CRÉDITO MÚTUO DOS FUNCIONÁRIOS DO GRUPO COMOLATTI - SÃO PAULO;47196084;;;;b3S;2;9;SAO PAULO;SP;06/2016;667;0;56;0;0;0;723;0;0;0;0;-34;-34;689;0;0;0;-75;0;0;0;0;-75;613;0;613;0;0;613;-453
COOPERATIVA DE ECONOMIA E CRÉDITO MÚTUO DOS EMPREGADOS DA PRODAM/SP - CREDIPRODAM;67031757;;;;b3S;2;9;SAO PAULO;SP;06/2016;190;0;520;0;0;0;710;0;0;0;0;-2;-2;709;0;0;-49;-102;0;70;18;0;-64;645;0;645;0;0;645;0
OLIVEIRA TRUST DISTRIBUIDORA DE TÍTULOS E VALORES MOBILIARIOS S.A.;36113876;;;84040;n2;2;16;RIO DE JANEIRO;RJ;06/2016;0;0;710;0;0;0;710;0;0;0;0;0;0;710;16.785;0;-6.125;-5.095;-1.545;0;0;0;4.020;4.730;0;4.730;-1.179;-822;2.729;0
COOPERATIVA DE ECONOMIA E CRÉDITO MÚTUO DOS FUNCIONÁRIOS DA COMPANHIA PAULISTA DE TRENS METROPOLITANOS;1530136;;;;b3S;2;9;OSASCO;SP;06/2016;331;0;379;0;0;0;710;0;0;0;0;-4;-4;706;0;0;-124;-124;1;0;58;0;-192;514;0;514;0;-5;509;-8
COOPERATIVA DE ECONOMIA E CRÉDITO MÚTUO DOS SERVIDORES MUNICIPAIS DE ITABIRA LTDA. - SICOOB COSEMI;16651002;;;;b3S;2;9;ITABIRA;MG;06/2016;677;0;31;0;0;0;708;-46;0;0;0;-75;-121;587;100;0;-335;-176;-5;0;93;-5;-327;260;1;259;-12;0;247;0
COOPERATIVA DE CRÉDITO DOS SERVIDORES PÚBLICOS MUNICIPAIS DE TIMÓTEO LTDA. - COOPERTIM;20833976;;;;b3S;2;9;TIMOTEO;MG;06/2016;658;0;49;0;0;0;706;0;0;0;0;54;54;761;0;0;-115;400;0;0;45;-1;328;1.089;1;1.088;0;0;1.088;-117
COOPERATIVA DE ECONOMIA E CRÉDITO MÚTUO DOS FUNCIONÁRIOS DO FLEURY;71965313;;;;b3S;2;9;SAO PAULO;SP;06/2016;580;0;125;0;0;0;705;0;0;0;0;0;0;705;0;0;-128;-135;1;0;15;1;-249;456;0;456;0;0;456;0
COOPERATIVA DE CRÉDITO MÚTUO DOS FUNCIONÁRIOS DAS EMPRESAS FERROVIÁRIAS NO ESTADO DE SÃO PAULO;53932869;;;;b3S;2;9;OSASCO;SP;06/2016;564;0;137;0;0;0;702;0;0;0;0;2;2;704;0;0;-161;-190;1;0;34;0;-318;386;0;386;0;-25;361;0
COOPERATIVA DE ECONOMIA E CRÉDITO MÚTUO DOS EMPREGADOS DO GRUPO SBF LTDA. - COOPER ATIVA SBF;2232228;;;;b3S;2;9;SAO PAULO;SP;06/2016;622;0;77;0;0;0;699;0;1;0;0;-68;-69;631;0;0;-127;-223;0;0;0;0;-350;281;0;281;0;0;281;0
COOPERATIVA DE CRÉDITO MÚTUO DOS SERVIDORES DO MINISTÉRIO DA SAÚDE EM MACEIÓ - SAUDECRED;5728016;;;;b3S;2;9;MACEIO;AL;06/2016;656;0;41;0;0;0;697;-45;0;0;0;-118;-163;534;8;39;-256;-170;1;0;50;-196;-527;7;0;7;0;0;7;0
CORREPARTI CORRETORA DE CAMBIO LTDA;80202872;;;82231;n2;2;21;SAO JOSE DOS PINHAIS;PR;06/2016;0;0;0;0;695;0;695;0;0;0;0;0;0;695;1.541;0;-472;-961;-124;0;0;-11;-27;669;0;669;-288;0;380;0
COOPERATIVA DE ECONOMIA E CRÉDITO MÚTUO DOS EMPREGADOS DAS EMPRESAS METALÚRGICAS DE MATÃO - METALCOOPERCRED;53505681;;;;b3S;2;9;MATAO;SP;06/2016;438;0;255;0;0;0;693;0;0;0;0;-7;-7;686;0;0;-87;-154;1;0;53;0;-189;498;0;498;0;0;498;0
COOPERATIVA DE ECONOMIA E CREDITO MUTUO DOS EMPREGADOS DAS EMPRESAS DE TRANSPORTES COLETIVOS RODOVIÁRIOS DE PASSAGEIROS DO GRANDE RIO LTDA;141155;;;;b3S;2;9;SAO GONCALO;RJ;06/2016;677;0;0;0;0;0;677;0;0;0;0;0;0;677;0;0;-331;-260;0;0;80;0;-510;167;0;167;0;0;167;0
COOPERATIVA DE ECONOMIA E CREDITO MUTUO DOS ADVOGADOS DO ESTADO DO RIO DE JANEIRO LTDA.;7755335;;;;b3S;2;9;RIO DE JANEIRO;RJ;06/2016;587;0;85;0;0;0;672;-143;0;0;0;-24;-167;505;51;26;-355;-279;-6;0;1;-25;-586;-80;0;-80;0;0;-80;0
COOPERATIVA DE ECONOMIA E CRÉDITO MÚTUO DOS COLABORADORES DA UNIÃO BRASILEIRA DE EDUCAÇÃO E ENSINO, UNIÃO NORTE BRASILEIRA DE EDUCAÇÃO E CULTURA & UNIÃO BRASILIENSE DE EDUCAÇÃO E CULTURA LTDA - COOMAR;2588819;;;;b3S;2;9;BELO HORIZONTE;MG;06/2016;598;0;73;0;0;0;671;0;0;0;0;-33;-33;638;0;0;-141;-213;1;0;68;-4;-291;347;0;347;0;0;347;-200
COOPERATIVA DE CRÉDITO DOS EMPREGADOS DA COMPANHIA INDUSTRIAL CATAGUASES E DA BAUMINAS LTDA. - COOPECIC;19495266;;;;b3S;2;9;CATAGUASES;MG;06/2016;559;0;107;0;0;0;667;0;0;0;0;-72;-72;595;26;0;-219;-167;-3;0;42;-30;-351;244;0;244;-5;0;240;0
COOPERATIVA DE ECONOMIA E CRÉDITO MÚTUO DOS TRABALHADORES SINDICALIZADOS DA ÁREA DE SAÚDE E AFINS NA REGIÃO METROPOLITANA DE NATAL   SICOOB SINDICRED RN;17442343;;;;b3S;2;9;NATAL;RN;06/2016;571;0;93;0;0;0;664;-178;0;0;0;-332;-510;154;60;112;-150;-298;-1;0;30;-15;-262;-108;0;-108;-1;0;-109;0
COOPERATIVA DE CRÉDITO DOS PLANTADORES DE CANA DA REGIÃO DE LENÇÓIS PAULISTA;50848910;;;;b3S;2;9;LENCOIS PAULISTA;SP;06/2016;117;0;539;0;0;0;656;0;0;0;0;101;101;757;0;0;-44;-116;-3;0;12;-1;-152;605;0;605;0;0;605;0
CREDJUST - COOPERATIVA DE CRÉDITO MÚTUO DOS INTEGRANTES DA JUSTIÇA DO TRABALHO DA 13ª REGIÃO LTDA.;4608925;;;;b3S;2;9;JOAO PESSOA;PB;06/2016;656;0;0;0;0;0;656;-85;0;0;0;1;-84;572;8;0;-226;-95;0;0;29;0;-284;288;0;288;0;0;288;-181
COOPERATIVA DE ECONOMIA E CRÉDITO MÚTUO DOS SERVIDORES MUNICIPAIS DE POÇOS DE CALDAS LTDA. - COOPOÇOS;41791005;;;;b3S;2;9;POCOS DE CALDAS;MG;06/2016;633;0;21;0;0;0;654;-36;-2;0;0;-16;-53;601;3;0;-260;-190;-1;0;103;-9;-354;246;0;246;0;0;246;0
CONFEDERACAO NACIONAL DAS COOPERATIVAS CENTRAIS DE CREDITO E ECONOMIA FAMILIAR E SOLIDARIA - CONFESOL;10398952;;;;b3C;2;9;FLORIANOPOLIS;SC;06/2016;0;0;651;0;0;0;651;-63;0;0;0;0;-63;588;1;0;-2.595;1.347;0;0;188;-66;-1.125;-538;0;-538;0;0;-538;0
COOPERATIVA DE CRÉDITO MÚTUO DOS FUNCIONÁRIOS DA PERPART E DO IPA - COOPEMATER;11356599;;;;b3S;2;9;RECIFE;PE;06/2016;613;0;30;0;0;0;643;0;0;0;0;-167;-167;477;34;0;-279;-199;-3;0;19;-12;-440;37;20;58;-7;0;50;0
GLOBAL FINANÇAS SOCIEDADE DE CRÉDITO AO MICROEMPREENDEDOR E À EMPRESA DE PEQUENO PORTE LTDA.;11165756;;;83278;n1;2;10;AMERICANA;SP;06/2016;639;0;0;0;0;0;639;0;-20;0;0;-124;-144;494;0;61;-8;-108;-32;0;0;-12;-99;395;0;395;-134;0;262;0
CIFRA S.A. CRÉDITO, FINANCIAMENTO E INVESTIMENTO;8030215;BMG;30290;80178;n1;2;14;SAO PAULO;SP;06/2016;0;0;630;0;0;0;630;0;0;0;0;0;0;630;0;0;0;0;-29;0;0;1;-30;600;0;600;-138;0;462;0
BM BEZERRA DE MENEZES CORRETORA DE CÂMBIO E VALORES S.A.;7700131;;;84473;n2;2;15;SAO PAULO;SP;06/2016;0;0;628;0;0;0;628;0;0;0;0;0;0;628;0;0;0;-163;-23;0;4;0;-181;447;0;447;-122;0;324;0
COOPERATIVA DE ECONOMIA E CRÉDITO MÚTUO DOS FUNCIONÁRIOS PÚBLICOS MUNICIPAIS DE ITAPIRA;2115870;;;;b3S;2;9;ITAPIRA;SP;06/2016;595;0;13;0;0;0;608;-18;-2;0;0;-14;-35;573;0;0;-102;-122;1;0;21;-9;-212;361;0;361;0;-10;351;0
EUROINVEST S.A. CORRETORA DE CÂMBIO, TÍTULOS E VALORES MOBILIÁRIOS;34190991;;;82781;n2;2;15;RIO DE JANEIRO;RJ;06/2016;0;0;607;0;0;0;607;0;0;0;0;0;0;607;81;0;-14;-73;-13;0;5;-365;-378;229;0;229;0;0;229;0
COOPERATIVA DE CRÉDITO MÚTUO DOS EMPREGADOS DO MAGAZINE LUIZA, EMPRESAS CONTROLADAS E COLIGADAS - COOPLUIZA;2093154;;;;b3S;2;9;FRANCA;SP;06/2016;527;0;72;0;0;0;599;-1;0;0;0;-25;-26;573;3;0;-194;-245;0;0;8;-4;-432;141;0;141;0;0;141;-6
MAPFRE DISTRIBUIDORA DE TÍTULOS E VALORES MOBILIÁRIOS S.A.;4160039;;;80958;n2;3;16;SAO PAULO;SP;06/2016;0;0;596;0;0;0;596;0;0;0;0;0;0;596;18.313;0;-9.290;-8.460;-1.266;0;549;-1;-155;441;0;441;239;-857;-177;0
FUTURAINVEST DISTRIBUIDORA DE TÍTULOS E VALORES MOBILIÁRIOS LTDA.;18684408;;;84325;n2;2;16;SALVADOR;BA;06/2016;0;0;590;0;0;0;590;0;0;0;0;0;0;590;0;0;-947;-4.885;-88;0;770;0;-5.149;-4.560;0;-4.560;0;0;-4.560;0
COOPERATIVA DE ECONOMIA E CRÉDITO MÚTUO DOS FUNCIONÁRIOS DA OWENS CORNING FIBERGLAS AMÉRICA DO SUL;48172860;;;;b3S;2;9;RIO CLARO;SP;06/2016;520;0;67;0;0;0;587;-117;0;0;0;-42;-158;429;0;0;0;-232;0;0;20;-7;-219;211;0;211;0;0;211;0
COOPERATIVA DE ECONOMIA E CRÉDITO MÚTUO DOS FUNCIONÁRIOS DAS EMPRESAS MELHORAMENTOS DE SÃO PAULO;1504952;;;;b3S;2;9;SAO PAULO;SP;06/2016;375;0;213;0;0;0;587;0;0;0;0;3;3;590;0;0;-192;-76;0;0;14;0;-254;337;0;337;0;0;337;0
COOPERATIVA DE ECONOMIA E CRÉDITO MÚTUO DOS FUNCIONÁRIOS DA FACULDADE DE CIÊNCIAS AGRÁRIAS E VETERINÁRIAS - CAMPUS DE JABOTICABAL/SP - SICOOB COOPERFAC;57259525;;;;b3S;2;9;JABOTICABAL;SP;06/2016;577;0;4;0;0;0;581;-1;-11;0;0;-30;-42;539;0;0;-243;-103;1;0;16;-52;-383;155;0;155;0;-8;148;0
COOPERATIVA DE CRÉDITO DOS FUNCIONÁRIOS DAS  SECRETARIAS DA AGRICULTURA, MEIO AMBIENTE E DESENVOLVIMENTO AGRÍCOLA DO ESTADO DE SÃO PAULO - COOPERCERES;2208747;;;;b3S;2;9;SAO PAULO;SP;06/2016;431;0;146;0;0;0;576;0;0;0;0;-29;-29;547;0;0;-142;-155;1;0;19;1;-279;268;1;268;0;0;268;0
CODEPE - CORRETORA DE VALORES S.A.;9512542;;;82712;n2;2;15;RECIFE;PE;06/2016;0;0;569;0;0;0;569;0;0;0;-176;0;-176;393;58;0;-476;-670;-85;0;0;0;-1.173;-780;17;-763;-4;0;-766;-250
COOPERATIVA DE ECONOMIA E CRÉDITO MÚTUO DOS FUNCIONÁRIOS DO GRUPO GERDAU - AÇOS FINOS PIRATINI;88952130;;;;b3S;2;9;CHARQUEADAS;RS;06/2016;431;0;137;0;0;0;568;0;0;0;0;-96;-96;472;0;0;-64;-93;0;0;0;0;-158;314;0;313;0;0;313;-253
CORRETORA DE CÂMBIO AÇORIANA LIMITADA.;15761217;;;82341;n2;2;21;FLORIANOPOLIS;SC;06/2016;0;0;4;0;559;0;562;0;0;0;0;0;0;562;0;3;-176;-249;-26;0;0;-2;-451;111;0;111;-25;0;86;-9
COOPERATIVA DE CRÉDITO RURAL HORIZONTES NOVOS DE IJUÍ - CREHNOR NOROESTE;7268732;;;;b3S;2;9;IJUI;RS;06/2016;541;0;20;0;0;0;561;-99;-5;0;0;-62;-166;396;3;61;-221;-326;-2;0;17;-234;-701;-306;0;-306;0;0;-306;0
COOPERATIVA DE ECONOMIA E CRÉDITO MÚTUO ALIANÇA - COOPERNITRO;52935442;;;;b3S;2;9;SAO PAULO;SP;06/2016;502;0;51;0;0;0;553;0;0;0;0;-31;-31;521;0;0;-73;-120;0;0;13;0;-181;341;0;341;0;-6;334;0
COOPERATIVA DE ECONOMIA E CRÉDITO MÚTUO DOS FUNCIONÁRIOS DO GRUPO AVIBRAS;43268960;;;;b3S;2;9;JACAREI;SP;06/2016;537;0;12;0;0;0;549;0;0;0;0;-2;-2;546;0;0;-163;-67;-1;0;122;0;-109;437;0;437;0;0;437;0
COOPERATIVA DE CRÉDITO RURAL ASCOOB PARAGUASSU;4588258;;;;b3S;2;9;GOVERNADOR MANGABEIRA;BA;06/2016;420;0;125;0;0;0;545;-118;-20;0;0;-119;-258;287;4;72;-146;-208;-1;0;0;-28;-307;-20;0;-20;0;0;-20;0
COOPERATIVA DE ECONOMIA E CRÉDITO MÚTUO DOS EMPREGADOS DA VALE FERTILIZANTES DE UBERABA - COPERURA LTDA.;17607375;;;;b3S;2;9;UBERABA;MG;06/2016;498;0;46;0;0;0;544;0;0;0;0;-7;-7;537;3;0;-103;-100;-3;0;0;0;-202;334;0;334;-16;-13;305;-148
MOMENTO DISTRIBUIDORA DE TITULOS E VALORES MOBILIARIOS LTDA;97447304;;;84181;n2;2;16;RIO DE JANEIRO;RJ;06/2016;0;0;544;0;0;0;544;0;0;0;0;0;0;544;335;0;-162;-410;-25;0;0;0;-261;282;0;282;-5;0;277;0
COOPERATIVA DE ECONOMIA E CREDITO MUTUO DOS SERVIDORES DA COMLURB LTDA;29341260;;;;b3S;2;9;RIO DE JANEIRO;RJ;06/2016;486;0;57;0;0;0;543;0;0;0;0;-9;-9;534;0;0;-360;-104;1;0;173;-55;-347;187;25;211;-1;0;210;0
COOPERATIVA DE ECONOMIA E CRÉDITO MÚTUO DOS EMPREGADOS DA SAINT-GOBAIN DO BRASIL PRODUTOS INDUSTRIAIS E PARA CONSTRUÇÃO - DIVISÃO VIDRO PLANO;48140925;;;;b3S;2;9;MAUA;SP;06/2016;497;0;45;0;0;0;542;-33;0;0;0;-15;-48;494;0;0;-104;-80;1;0;12;0;-174;320;0;320;0;0;320;0
J. MALUCELLI DISTRIBUIDORA DE TÍTULOS E VALORES MOBILIÁRIOS LTDA;76621457;PARANÁ BANCO;30881;80233;n2;2;16;CURITIBA;PR;06/2016;0;0;540;0;0;0;540;0;0;0;0;0;0;540;2.782;0;-1.417;-865;-294;0;2;0;208;748;0;748;-329;0;419;0
COOPERATIVA DE ECONOMIA E CRÉDITO MÚTUO DOS EMPREGADOS DA JOLIMODE ROUPAS E EMPRESAS COLIGADAS LTDA;28244622;;;;b3S;2;9;RIO DE JANEIRO;RJ;06/2016;483;0;52;0;0;0;536;0;0;0;0;0;0;536;0;0;-162;-26;-11;0;0;-48;-247;289;0;289;0;0;289;0
COOPERATIVA DE ECONOMIA E CRÉDITO MÚTUO DOS SERVIDORES DA SECRETARIA DE DEFESA SOCIAL DO ESTADO DE MINAS GERAIS LTDA. - COOPSESP;5746715;;;;b3S;2;9;BELO HORIZONTE;MG;06/2016;373;0;161;0;0;0;534;-46;0;0;0;-46;-92;442;0;0;-252;-215;1;0;42;1;-426;16;0;17;0;0;17;0
COOPERATIVA DE CREDITO RURAL COM INTERACAO SOLIDARIA DE HONORIO SERPA - CRESOL HONORIO SERPA;2565350;;;;b3S;2;9;HONORIO SERPA;PR;06/2016;423;0;92;0;0;0;515;-85;-119;0;0;-7;-212;303;67;42;-164;-144;0;0;28;-66;-238;66;-7;59;-2;-5;51;-24
COOPERATIVA DE ECONOMIA E CRÉDITO MÚTUO DOS FUNCIONÁRIOS DE PARKER HANNIFIN;45214947;;;;b3S;2;9;JACAREI;SP;06/2016;458;0;50;0;0;0;508;0;0;0;0;-175;-175;333;0;0;-81;-80;1;0;12;0;-150;183;0;183;0;0;183;0
COOPERATIVA DE ECONOMIA E CRÉDITO MÚTUO DOS EMPREGADOS DA MAGNESITA REFRATÁRIOS S.A. LTDA. - CECREM;913314;;;;b3S;2;9;CONTAGEM;MG;06/2016;400;0;107;0;0;0;508;0;0;0;0;-23;-23;485;2;0;-177;-81;1;0;45;-6;-218;266;0;266;0;0;266;0
PETRA - PERSONAL TRADER CORRETORA DE TITULOS E VALORES MOBILIARIOS S.A.;3317692;PETRA;51688;80790;n2;2;15;CURITIBA;PR;06/2016;0;0;504;0;0;0;504;0;0;0;0;0;0;504;8.195;0;-3.426;-2.130;-653;0;0;-225;1.763;2.267;8;2.275;-785;0;1.490;0
COOPERATIVA DE CRÉDITO DOS EMPREGADOS DO GRUPO AKZO NOBEL BRASIL - COOP AKZONOBEL;57996878;;;;b3S;2;9;MAUA;SP;06/2016;434;0;70;0;0;0;504;0;0;0;0;-5;-5;498;0;0;-191;-98;-1;0;13;0;-277;221;0;221;0;0;221;0
COOPSEBRAE - COOPERATIVA DE CRÉDITO MÚTUO DOS FUNCIONÁRIOS DO SEBRAE/PB, SEBRAE/RN E SESC, SENAC E SENAR EM JOÃO PESSOA;41219353;;;;b3S;2;9;JOAO PESSOA;PB;06/2016;427;0;73;0;0;0;500;-70;0;0;0;-14;-84;416;5;9;-67;-137;0;0;0;-76;-265;151;0;151;0;0;151;-135
COOPERATIVA DE ECONOMIA E CREDITO MUTUO DOS FUNCIONARIOS DE INSTITUICOES FINANCEIRAS PUBLICAS NO ESTADO DO ESPIRITO SANTO - CREDBRASIL-ES;2869663;;;;b3S;2;9;VITORIA;ES;06/2016;455;0;42;0;0;0;497;-18;0;0;0;-11;-28;469;0;0;-145;-69;-3;0;22;0;-195;274;0;274;-7;0;268;0
ONNIX CORRETORA DE CÂMBIO LTDA.;7333726;;;82011;n2;2;21;PORTO ALEGRE;RS;06/2016;0;0;0;0;496;0;496;0;0;0;0;0;0;496;905;0;-610;-242;-110;0;0;-9;-67;429;0;429;-181;-22;226;0
COOPERATIVA DE ECONOMIA E CRÉDITO MÚTUO SERVIDORES PÚBLICOS ATIVOS, INATIVOS E PENSIONISTAS DA ADMINISTRAÇÃO DIRETA, INDIRETA E ASSEMBLÉIA LEGISLATIVA DO ESTADO DO RIO GRANDE SUL - COOPSERGS;5591437;;;;b3S;2;9;PORTO ALEGRE;RS;06/2016;476;0;13;0;0;0;490;0;0;0;0;-87;-87;403;192;0;-414;-347;-11;0;51;-132;-662;-259;0;-259;0;0;-259;0
COOPERATIVA DE ECONOMIA E CRÉDITO MÚTUO DOS FUNCIONÁRIOS DAS EMPRESAS DE ENERGIA ELÉTRICA DO ESTADO DE SÃO PAULO - COOPENERG;52301496;;;;b3S;2;9;SAO PAULO;SP;06/2016;432;0;48;0;0;0;480;-120;0;0;0;116;-5;475;0;0;-182;-257;-1;0;54;-21;-406;69;0;69;0;0;69;0
COOPERATIVA DE CRÉDITO DOS EMPREGADOS DO IRB-BRASIL RE LTDA.;42153585;;;;b3S;2;9;RIO DE JANEIRO;RJ;06/2016;144;0;335;0;0;0;479;0;0;0;0;1;1;479;14;0;-105;-191;0;0;26;0;-257;222;0;222;0;0;222;-213
COOPERATIVA DE CRÉDITO MÚTUO DOS FUNCIONÁRIOS DA RICLAN;6077760;;;;b3S;2;9;RIO CLARO;SP;06/2016;401;0;75;0;0;0;476;-44;0;0;0;-19;-64;413;0;0;0;-179;0;0;13;0;-166;247;0;247;0;0;247;0
BESC-DISTRIBUIDORA DE TITULOS E VALORES MOBILIARIOS SA-BESCVAL;82518523;BB;49906;80329;n2;1;16;BRASILIA;DF;06/2016;0;0;474;0;0;0;474;0;0;0;0;0;0;474;0;1;-192;-71;-22;0;0;-4;-288;186;0;186;-73;0;112;0
BANESTES DISTRIBUIDORA DE TITULOS E VALORES MOBILIARIOS S/A;28156057;BANESTES;30159;80147;n2;1;16;VITORIA;ES;06/2016;0;0;473;0;0;0;473;0;0;0;0;0;0;473;6.126;152;-224;-1.644;-647;9.517;446;-32;13.695;14.168;-1;14.167;-1.480;0;12.687;0
SINGRATUR CORRETORA DE CÂMBIO LTDA;16854999;;;82389;n2;2;21;MARINGA;PR;06/2016;0;0;9;0;459;0;468;0;0;0;0;0;0;468;0;0;-185;-160;-25;0;18;-10;-362;106;0;106;-39;0;67;0
PENTAGONO S/A DISTRIBUIDORA DE TITULOS E VALORES MOBILIARIOS;17343682;;;83773;n2;2;16;RIO DE JANEIRO;RJ;06/2016;0;0;466;0;0;0;466;0;0;0;0;0;0;466;6.123;0;-1.340;-1.358;-594;0;0;0;2.831;3.296;0;3.296;-1.072;0;2.224;0
PROSPER S/A CORRETORA DE VALORES E CAMBIO;36178887;;;80398;n2;2;15;RIO DE JANEIRO;RJ;06/2016;0;0;0;465;0;0;466;0;0;0;0;0;0;466;6;0;-155;-321;-30;0;181;-113;-432;33;0;33;0;0;33;0
COOPERATIVA CENTRAL DE CRÉDITO DA AGRICULTURA FAMILIAR E ECONOMIA SOLIDÁRIA - ASCOOB CENTRAL;10013534;;;;b3C;2;9;FEIRA DE SANTANA;BA;06/2016;24;0;435;0;0;0;460;-336;-19;0;0;1;-354;106;0;0;-585;-391;-6;0;934;-23;-71;35;-60;-25;0;0;-25;0
COOPERATIVA DE ECONOMIA E CRÉDITO MÚTUO DOS FUNCIONÁRIOS DA MORLAN;731320;;;;b3S;2;9;ORLANDIA;SP;06/2016;443;0;10;0;0;0;452;0;0;0;0;-22;-22;430;0;0;0;-76;0;1;12;0;-64;366;0;366;0;0;366;0
TURISCAM CORRETORA DE CÂMBIO LTDA.;16789470;;;82358;n2;2;21;MACEIO;AL;06/2016;0;0;3;0;448;0;451;0;0;0;0;0;0;451;4;0;-153;-423;-21;0;1;1;-593;-142;0;-142;0;0;-142;0
COOPERATIVA DE ECONOMIA E CRÉDITO MÚTUO DOS EMPREGADOS DAS INDÚSTRIAS UNILEVER DO BRASIL;53272365;;;;b3S;2;9;VALINHOS;SP;06/2016;365;0;85;0;0;0;449;0;0;0;0;-9;-9;440;0;0;-177;-109;-1;0;28;0;-259;181;0;181;0;-14;166;0
COOPERATIVA DE ECONOMIA E CRÉDITO MÚTUO DOS EMPREGADOS DA SAMARCO MINERAÇÃO S.A. LTDA - CREDISAM;20622809;;;;b3S;2;9;BELO HORIZONTE;MG;06/2016;228;0;217;0;0;0;445;0;0;0;0;5;5;451;0;0;0;-246;0;0;144;0;-102;349;0;349;0;0;349;0
COOPERATIVA DE ECONOMIA E CRÉDITO MÚTUO DOS FUNCIONÁRIOS DOS CORREIOS NOS ESTADOS DO RIO GRANDE DO SUL, SANTA CATARINA E PARANÁ - CREDCORREIOS;87956355;;;;b3S;2;9;PORTO ALEGRE;RS;06/2016;384;0;61;0;0;0;445;-4;0;0;0;-10;-13;431;3;0;-234;-177;-4;0;0;-4;-416;15;-13;2;0;0;2;0
CARTOS SOCIEDADE DE CRÉDITO AO MICROEMPREENDEDOR E À EMPRESA DE PEQUENO PORTE LTDA.;21332862;;;84442;n1;2;10;SAO PAULO;SP;06/2016;375;0;68;0;0;0;443;0;0;0;0;-13;-13;430;0;17;-19;-109;-21;0;0;-82;-215;215;0;215;-62;0;153;0
COOPERATIVA DE ECONOMIA E CRÉDITO MÚTUO DOS EMPREGADOS DAS EMPRESAS PLASCAR;17411307;;;;b3S;2;9;JUNDIAI;SP;06/2016;421;0;21;0;0;0;442;0;0;0;0;-4;-4;438;0;0;0;-104;0;0;12;0;-92;346;0;346;0;0;346;0
COOPERATIVA DE ECONOMIA E CREDITO MUTUO DOS SERVIDORES DA ASCAR/EMATER-RS LTDA-CRESAL;90278987;;;;b3S;2;9;PORTO ALEGRE;RS;06/2016;189;0;251;0;0;0;441;-148;0;0;0;3;-145;295;12;0;-45;-58;0;0;0;-4;-94;201;0;201;-69;0;132;0
COOPERATIVA DE ECONOMIA E CRÉDITO MÚTUO DOS SERVIDORES DA POLÍCIA MILITAR DO ESTADO DE SÃO PAULO DA REGIÃO CENTRO-OESTE PAULISTA - CREDMIL;4152107;;;;b3S;2;9;BAURU;SP;06/2016;414;0;26;0;0;0;439;-35;0;0;0;-113;-147;292;0;0;-206;-137;1;0;136;-3;-210;82;0;82;0;0;82;0
POLO CORRETORA DE CÂMBIO LTDA.;17902616;;;82437;n2;2;21;PORTO ALEGRE;RS;06/2016;0;0;0;0;439;0;439;0;0;0;0;0;0;439;0;0;-57;-188;-20;0;0;-2;-268;172;-7;165;-46;0;119;-49
SINOSSERRA FINANCEIRA S/A - SOCIEDADE DE CRÉDITO, FINANCIAMENTO E INVESTIMENTO;22639377;;;84552;n1;2;14;NOVO HAMBURGO;RS;06/2016;120;0;317;0;0;0;437;0;0;0;0;-26;-26;411;1;0;-225;-97;-20;0;16;-17;-343;68;0;68;-19;0;49;0
EBADIVAL - E. BAGGIO DISTRIBUIDORA DE TÍTULOS E VALORES MOBILIÁRIOS LTDA.;89784367;;;83876;n2;2;16;CURITIBA;PR;06/2016;0;0;69;0;366;0;436;0;0;0;0;0;0;436;0;0;-167;-297;-20;0;0;0;-484;-48;0;-48;0;0;-48;0
CREDICORES - COOPERATIVA DE ECONOMIA E CRÉDITO MÚTUO DOS PROFISSIONAIS DA ÁREA DE SEGUROS DO ESPÍRITO SANTO;2996857;;;;b3S;2;9;VITORIA;ES;06/2016;401;0;32;0;0;0;433;-73;0;0;0;-24;-97;336;29;22;-147;-192;-4;0;13;-41;-319;17;0;17;1;0;16;0
COOPERATIVA DE ECONOMIA E CRÉDITO MÚTUO DOS SERVIDORES DA FACULDADE DE ENGENHARIA DE ILHA SOLTEIRA - COOPERFEIS;96409263;;;;b3S;2;9;ILHA SOLTEIRA;SP;06/2016;404;0;27;0;0;0;432;0;0;0;0;0;0;432;0;0;-81;-69;0;0;12;-52;-191;241;0;241;0;-7;234;0
COOPERATIVA DE CRÉDITO RURAL COM INTERAÇÃO SOLIDÁRIA DE ARAPONGA - CRESOL ARAPONGA;7016503;;;;b3S;2;9;ARAPONGA;MG;06/2016;267;0;163;0;0;0;430;-143;-56;0;0;-24;-224;207;24;49;-99;-83;0;0;8;-52;-153;54;-7;47;-4;-2;40;0
COOPERATIVA DE ECONOMIA E CRÉDITO MÚTUO DOS EMPREGADOS DA EATON DE VALINHOS;73077398;;;;b3S;2;9;VALINHOS;SP;06/2016;423;0;5;0;0;0;428;0;0;0;0;-16;-16;412;0;0;-190;-160;-1;0;14;0;-337;75;0;75;0;-7;67;0
COOPERATIVA DE ECONOMIA E CRÉDITO MÚTUO DOS COLABORADORES DO GRUPO EMPRESARIAL A COSTA LTDA.;20062766;;;;b3S;2;9;VISCONDE DO RIO BRANCO;MG;06/2016;370;0;56;0;0;0;427;0;0;0;0;-17;-17;410;0;0;-148;-44;-4;0;15;-12;-193;216;0;216;-8;0;208;0
COOPERATIVA DE ECONOMIA E CRÉDITO MÚTUO DOS EMPREGADOS DA MONSANTO;59133793;;;;b3S;2;9;SAO PAULO;SP;06/2016;423;0;1;0;0;0;424;0;0;0;0;-5;-6;418;0;0;-156;-85;0;0;11;0;-231;187;0;187;0;0;187;0
COOPERATIVA DE ECONOMIA E CRÉDITO MÚTUO DA ALIANÇA DOS PROFISSIONAIS DA ÁREA DE SAÚDE DA REGIÃO DE SÃO ROQUE - SICOOB ALCOOP SÃO ROQUE;4093627;;;;b3S;2;9;SAO ROQUE;SP;06/2016;371;0;48;0;0;0;420;-50;0;0;0;-50;-101;319;35;28;-243;-155;-2;0;32;-14;-319;0;0;0;-2;0;-2;0
SOCRED S.A. - SOCIEDADE DE CRÉDITO AO MICROEMPREENDEDOR;9210106;;;83247;n1;2;10;BELEM;PA;06/2016;418;0;0;0;0;0;418;0;0;0;0;-70;-70;348;0;28;-38;-70;0;0;0;-5;-85;263;0;263;-77;0;186;0
COOPERATIVA DE ECONOMIA E CREDITO MUTUO DOS APOSENTADOS, PENSIONISTAS E IDOSOS LIGADOS AO SINDICATO NACIONAL DOS APOSENTADOS, PENSIONISTAS E IDOSOS DA FORÇA SINDICAL - SICOOB COOPERNAPI;16564240;;;;b3S;2;9;SAO PAULO;SP;06/2016;134;0;280;0;0;0;414;-116;0;0;0;-37;-152;261;17;37;-192;-196;-3;0;12;-8;-334;-72;0;-72;-5;0;-77;0
PATACÃO DISTRIBUIDORA DE TÍTULOS E VALORES MOBILIÁRIOS LTDA.;59615005;;;83821;n2;2;16;SOROCABA;SP;06/2016;0;0;4;0;408;0;412;0;0;0;0;0;0;412;9;0;-144;-370;-20;0;1;0;-523;-112;21;-91;0;0;-91;0
COOPESTADO - COOPERATIVA DE ECONOMIA E CRÉDITO MÚTUO DOS SERVIDORES PÚBLICOS NA REGIÃO METROPOLITANA DO ESTADO DO RIO DE JANEIRO LIMITADA;4995006;;;;b3S;2;9;RIO DE JANEIRO;RJ;06/2016;387;0;21;0;0;0;409;0;0;0;0;6;6;415;0;0;-447;-110;1;0;294;0;-264;151;0;151;1;0;150;0
COOPERATIVA DE CRÉDITO MÚTUO DOS EMPREGADOS EM EMPRESAS ADMINISTRADORAS DE AEROPORTOS - AEROCRED;5292849;;;;b3S;2;9;GUARULHOS;SP;06/2016;365;0;38;0;0;0;403;1;0;0;0;-68;-68;335;0;0;-111;-90;-2;0;7;0;-196;139;0;139;0;0;139;0
NUMATUR CORRETORA DE CÂMBIO LTDA.;18145784;;;82451;n2;2;21;SAO PAULO;SP;06/2016;0;0;88;0;314;0;402;0;0;0;0;0;0;402;34;0;-145;-189;-22;0;0;0;-323;79;0;79;-30;0;50;0
COOPERATIVA DE ECONOMIA E CRÉDITO MÚTUO DOS FUNCIONÁRIOS DAS EMPRESAS ITAÚ;43446335;;;;b3S;2;9;SAO PAULO;SP;06/2016;307;0;94;0;0;0;401;0;0;0;0;22;22;423;0;0;-11;-127;0;0;12;0;-125;298;0;298;0;0;298;0
COOPERATIVA DE CRÉDITO RURAL COM INTERAÇÃO SOLIDÁRIA DE IBAITI - CRESOL IBAITI;11239236;;;;b3S;2;9;IBAITI;PR;06/2016;338;0;56;0;0;0;394;-60;-68;0;0;-68;-195;199;21;47;-109;-156;0;0;15;-94;-277;-78;-5;-82;-1;0;-84;0
COOPERATIVA DE ECONOMIA E CRÉDITO MÚTUO DOS FUNCIONÁRIOS E SERVIDORES PÚBLICOS DO ESTADO DE MATO GROSSO DO SUL - SICOOB COCRESUL;24610065;;;;b3S;2;9;CAMPO GRANDE;MS;06/2016;285;0;107;0;0;0;392;-106;0;0;0;-40;-146;246;147;38;-146;-348;-6;0;67;-16;-263;-17;-64;-81;0;0;-81;0
COOPERATIVA DE ECONOMIA E CRÉDITO MÚTUO DOS EMPREGADOS DA COELBA E DA CHESF LTDA.   SICOOB COPELBA;86784089;;;;b3S;2;9;SALVADOR;BA;06/2016;327;0;64;0;0;0;390;-6;0;0;0;-62;-68;322;73;5;-195;-245;-8;0;137;-15;-248;74;-2;73;-3;0;70;0
COOPERATIVA DE ECONOMIA E CREDITO MUTUO DOS SERVIDORES PUBLICOS MUNICIPAIS DE PORTO ALEGRE;3990888;;;;b3S;2;9;PORTO ALEGRE;RS;06/2016;374;0;12;0;0;0;387;-5;0;0;0;-28;-33;354;0;0;-217;-178;0;0;0;0;-395;-41;0;-42;0;0;-42;0
COOPERATIVA DE CRÉDITO MÚTUO DOS EMPREGADOS DA FIAÇÃO ALPINA - COOPERALPINA;55319370;;;;b3S;2;9;MORUNGABA;SP;06/2016;311;0;72;0;0;0;383;0;0;0;0;1;1;384;0;0;0;-85;0;0;10;0;-75;309;0;309;0;0;309;0
EGONCRED - SOCIEDADE DE CRÉDITO AO MICROEMPREENDEDOR E À EMPRESA DE PEQUENO PORTE LTDA.;20251847;;;84428;n1;2;10;CAMPINAS;SP;06/2016;366;0;17;0;0;0;382;0;0;0;0;-102;-102;280;0;0;0;-112;-18;0;0;1;-131;149;0;149;-59;0;89;0
COOPERATIVA DE ECONOMIA E CREDITO MUTUO DOS FUNCIONARIOS DO EXPRESSO PRINCESA DOS CAMPOS;1551820;;;;b3S;2;9;PONTA GROSSA;PR;06/2016;364;0;18;0;0;0;382;0;0;0;0;-29;-29;352;0;0;-52;-49;0;0;0;0;-101;251;0;251;0;0;251;0
COOPERATIVA DE CRÉDITO RURAL DOS PLANTADORES DE CANA DA REGIÃO DE IGARAPAVA;52623311;;;;b3S;2;9;IGARAPAVA;SP;06/2016;381;0;0;0;0;0;381;0;0;0;0;9;9;391;0;0;-84;-116;-5;0;132;0;-73;318;6;324;0;0;324;0
PILLA CORRETORA DE VALORES MOBILIÁRIOS E CÂMBIO LTDA.;92875780;;;82664;n2;2;15;PORTO ALEGRE;RS;06/2016;4;0;377;0;0;0;380;0;0;0;0;0;0;380;335;0;-1.752;-863;-51;0;1;1;-2.329;-1.949;409;-1.540;0;0;-1.540;0
COOPERATIVA DE CRÉDITO RURAL DO SERTÃO ALAGOANO ASCOOB COCREAL;7564184;;;;b3S;2;9;PAO DE ACUCAR;AL;06/2016;368;0;13;0;0;0;380;-12;-16;0;0;-144;-172;209;0;0;-107;-91;0;0;1;-26;-224;-15;0;-15;-1;0;-16;0
COOPERATIVA DE CRÉDITO MÚTUO DOS FUNCIONÁRIOS PÚBLICOS DO PODER JUDICIÁRIO DA CAPITAL DO ESTADO DE SÃO PAULO - JUDCRED;7651495;;;;b3S;2;9;SAO PAULO;SP;06/2016;366;0;13;0;0;0;379;0;-7;0;0;0;-7;371;124;0;-32;-288;0;1;9;-3;-190;182;0;182;0;0;182;0
MERCANTIL DO BRASIL DISTRIBUIDORA S.A. - TÍTULOS E VALORES MOBILIÁRIOS;17364795;MERCANTIL DO BRASIL;20152;80123;n2;2;16;BELO HORIZONTE;MG;06/2016;0;0;378;0;0;0;378;0;0;0;0;0;0;378;568;0;-1.086;-551;-72;0;13;-6;-1.135;-757;0;-757;302;0;-455;0
COOPERATIVA DE CRÉDITO RURAL DE PEQUENOS AGRICULTORES E DA REFORMA AGRÁRIA DO CENTRO OESTE DO PARANÁ - CREHNOR LARANJEIRAS;1330387;;;;b3S;2;9;LARANJEIRAS DO SUL;PR;06/2016;342;0;36;0;0;0;378;-75;0;0;0;-120;-194;184;17;53;-203;-168;-4;0;60;-43;-288;-104;0;-104;0;0;-104;0
COOPERATIVA DE CREDITO DE MENDES LTDA;28572261;;;;b3S;2;9;MENDES;RJ;06/2016;264;0;104;0;0;0;368;-153;0;0;0;-263;-416;-48;55;87;-298;-182;-4;0;28;-37;-350;-398;0;-398;1;0;-399;0
COOPERATIVA DE ECONOMIA E CRÉDITO MÚTUO DOS EMPREGADOS DA PONTIFÍCIA UNIVERSIDADE CATÓLICA DO RIO DE JANEIRO E EMPREGADOS EM ESTABELECIMENTOS PRIVADOS DE ENSINO DO MUNICÍPIO DO RIO DE JANEIRO LTDA.;42445122;;;;b3S;2;9;RIO DE JANEIRO;RJ;06/2016;364;0;0;0;0;0;364;-24;0;0;0;-53;-78;287;1;0;-162;-101;1;0;2;-2;-262;25;0;25;0;0;25;0
VNK SOCIEDADE DE CRÉDITO AO MICROEMPREENDEDOR E À EMPRESA DE PEQUENO PORTE LTDA.;20269566;;;84404;n1;2;10;FORTALEZA;CE;06/2016;341;0;24;0;0;0;364;0;0;0;0;-40;-40;324;0;0;0;-68;-17;0;0;0;-85;239;0;239;-74;0;165;0
CP & FRIZZO - DISTRIBUIDORA DE TÍTULOS E VALORES MOBILIÁRIOS LTDA;62264924;;;83838;n2;2;16;SAO PAULO;SP;06/2016;0;0;364;0;0;0;364;0;0;0;0;0;0;364;112;0;-243;-240;-28;0;0;0;-399;-35;0;-35;0;0;-35;0
COOPERATIVA DE ECONOMIA E CRÉDITO MÚTUO DOS FUNCIONÁRIOS DA ANDORINHA - COFASA;64761471;;;;b3S;2;9;PRESIDENTE PRUDENTE;SP;06/2016;317;0;45;0;0;0;362;0;0;0;0;0;0;362;0;0;-152;-78;0;0;10;0;-221;141;0;141;0;0;141;0
COOPERATIVA DE CRÉDITO MÚTUO DOS TRABALHADORES DO SETOR AEROESPACIAL DE SÃO JOSE DOS CAMPOS - COSAE;8227676;;;;b3S;2;9;SAO JOSE DOS CAMPOS;SP;06/2016;334;0;24;0;0;0;358;-31;0;0;0;2;-29;328;0;0;-115;-136;1;0;12;0;-240;89;1;90;0;0;90;0
BBM ADMINISTRAÇÃO DE RECURSOS DISTRIBUIDORA DE TÍTULOS E VALORES MOBILIÁRIOS S.A.;2276653;BBM;30207;80161;n2;2;16;SALVADOR;BA;06/2016;0;0;357;0;0;0;357;0;0;0;0;0;0;357;5;0;0;-310;-18;0;26;-5;-302;54;-415;-360;-40;0;-401;0
COOPERATIVA DE ECONOMIA E CRÉDITO MÚTUO DOS EMPREGADOS DO GRUPO ALCOA EM PERNAMBUCO;8931800;;;;b3S;2;9;ITAPISSUMA;PE;06/2016;323;0;27;0;0;0;351;0;0;0;0;-22;-22;328;0;0;-61;-77;0;0;10;-124;-252;76;0;76;0;0;76;0
COOPERATIVA DE ECONOMIA E CRÉDITO MÚTUO DOS EMPRESÁRIOS DA REGIÃO NORTE MARANHENSE - SICOOB EMPRESARIAL;22491263;;;;b3S;2;9;SAO LUIS;MA;06/2016;251;0;100;0;0;0;350;-118;0;0;0;-54;-172;179;39;25;-194;-353;-3;0;144;-6;-347;-168;0;-168;0;0;-168;0
COOPERATIVA DE ECONOMIA E CREDITO MUTUO DOS SERVIDORES MUNICIPAIS DO SUL FLUMINENSE LTDA.;1819799;;;;b3S;2;9;VOLTA REDONDA;RJ;06/2016;339;0;8;0;0;0;347;0;0;0;0;-32;-32;315;0;0;-81;-146;1;0;3;-3;-228;87;1;88;-3;0;86;-49
PORTOPAR DISTRIBUIDORA DE TITULOS E VALORES MOBILIARIOS LTDA.;40303299;PORTO SEGURO;51444;80642;n2;2;16;SAO PAULO;SP;06/2016;0;0;346;0;0;0;346;0;0;0;0;0;0;346;3.961;0;-1.415;-1.547;-281;0;21;-24;715;1.060;0;1.060;-221;-641;198;0
INDUSTRIAL DO BRASIL DISTRIBUIDORA DE TÍTULOS E VALORES MOBILIÁRIOS LTDA.;999403;INDUSTRIAL DO BRASIL;50988;80477;n2;2;16;SAO PAULO;SP;06/2016;0;0;345;0;0;0;345;0;0;0;0;0;0;345;410;0;0;-189;-56;0;0;0;165;510;0;510;-219;0;291;0
COOPERATIVA DE CRÉDITO MÚTUO DOS SERVIDORES MUNICIPAIS DE BEBEDOURO - COOCRESB.;5969937;;;;b3S;2;9;BEBEDOURO;SP;06/2016;330;0;14;0;0;0;344;-25;-41;0;0;-16;-82;262;0;0;-64;-133;0;0;18;-3;-181;80;0;80;0;0;80;0
COOPERATIVA DE ECONOMIA E CRÉDITO MÚTUO DOS EMPRESÁRIOS DA REGIÃO METROPOLITANA DE JOÃO PESSOA E LITORAL DA PARAÍBA - SICOOB LITORAL PARAIBANO;23295315;;;;b3S;2;9;JOAO PESSOA;PB;06/2016;253;0;89;0;0;0;342;-51;0;0;0;-62;-113;229;28;45;-215;-241;-2;0;137;-7;-256;-27;0;-26;0;0;-27;0
COOPERATIVA DE ECONOMIA E CRÉDITO MÚTUO DOS EMPREGADOS DA ALCATEL-LUCENT BRASIL;62781232;;;;b3S;2;9;SAO PAULO;SP;06/2016;238;0;104;0;0;0;342;1;0;0;0;0;0;342;0;0;-135;-62;1;0;11;-2;-189;153;2;155;1;0;154;0
COOPERATIVA DE ECONOMIA E CREDITO MUTUO DOS EMPREGADOS DOS LABORATORIOS B.BRAUN LTDA;30586895;;;;b3S;2;9;SAO GONCALO;RJ;06/2016;321;0;19;0;0;0;341;0;0;0;0;0;0;341;0;0;-29;-116;0;0;0;0;-145;196;0;196;0;0;196;-143
COOPERATIVA DE ECONOMIA E CRÉDITO MÚTUO DOS FUNCIONÁRIOS DA ASSEMBLÉIA LEGISLATIVA DO ESTADO DA PARAÍBA LTDA. -  COOPERLEGIS;41146382;;;;b3S;2;9;JOAO PESSOA;PB;06/2016;341;0;0;0;0;0;341;0;0;0;0;-15;-15;326;0;0;-186;-63;0;0;0;0;-250;76;0;76;0;0;76;0
COOPERATIVA DE ECONOMIA E CRÉDITO MÚTUO DOS PEQUENOS EMPRESÁRIOS, MICROEMPRESÁRIOS E MICROEMPREENDEDORES DA REGIÃO METROPOLITANA DE PORTO ALEGRE - COOPESA;6975532;;;;b3S;2;9;PORTO ALEGRE;RS;06/2016;329;0;10;0;0;0;339;-34;-39;0;0;-399;-472;-133;56;4;-218;-362;0;0;4;-6;-522;-655;-26;-681;-5;0;-686;0
HSCM - SOCIEDADE DE CRÉDITO AO MICROEMPREENDEDOR E À EMPRESA DE PEQUENO PORTE LTDA.;7693858;;;83089;n1;2;10;IBIA;MG;06/2016;322;0;12;0;0;0;334;0;0;0;0;-56;-56;278;0;29;-27;-53;-17;0;0;-8;-76;202;0;202;-62;0;140;0
COOPERATIVA DE ECONOMIA E CRÉDITO MÚTUO DOS SERVIDORES ESTADUAIS DO PODER EXECUTIVO DO ESTADO DO ACRE EM RIO BRANCO - CBCRED-ACRE;3232959;;;;b3S;2;9;RIO BRANCO;AC;06/2016;317;0;14;0;0;0;331;-112;0;0;0;-22;-134;197;48;2;-204;-114;-2;0;151;-1;-119;77;0;77;1;0;76;0
GDC PARTNERS SERVIÇOS FIDUCIÁRIOS DISTRIBUIDORA DE TÍTULOS E VALORES MOBILIÁRIOS LTDA.;10749264;;;84208;n2;2;16;RIO DE JANEIRO;RJ;06/2016;0;0;326;0;0;0;326;0;0;0;0;0;0;326;1.672;0;-95;-560;-173;0;0;0;843;1.169;0;1.169;-514;0;655;0
COOPERATIVA DE ECONOMIA E CRÉDITO MÚTUO DOS EMPREGADOS DA RECKITT BENCKISER;44223196;;;;b3S;2;9;SAO PAULO;SP;06/2016;318;0;0;0;0;0;318;0;0;0;0;1;1;320;0;0;0;-149;0;0;0;0;-149;171;0;171;0;0;171;-124
SOCIETE GENERALE S.A. CORRETORA DE CÂMBIO, TÍTULOS E VALORES MOBILIÁRIOS;61668117;SOCIETE GENERALE;31859;80264;n2;3;15;SAO PAULO;SP;06/2016;0;0;317;0;0;0;317;0;0;0;0;0;0;317;0;0;0;-364;-15;0;625;-8.118;-7.873;-7.555;0;-7.555;3.393;0;-4.162;0
HR SOCIEDADE DE CRÉDITO AO MICROEMPREENDEDOR E À EMPRESA DE PEQUENO PORTE LTDA.;20158571;;;84411;n1;2;10;MACEIO;AL;06/2016;312;0;3;0;0;0;316;0;1;0;0;-155;-156;160;0;0;-93;-98;-14;0;0;1;-206;-46;1;-45;-2;0;-47;0
COOPERATIVA DE ECONOMIA E CRÉDITO MÚTUO DOS SERVIDORES DA CNC SESC E SENAC ADMINISTRAÇÕES NACIONAIS LTDA;30304919;;;;b3S;2;9;RIO DE JANEIRO;RJ;06/2016;315;0;0;0;0;0;315;0;0;0;0;19;19;334;0;0;-45;-42;0;0;0;0;-87;247;0;247;0;0;247;0
COOPERATIVA DE ECONOMIA E CRÉDITO MÚTUO DOS COLABORADORES DA COOPEDER LTDA. - CREDER;21130869;;;;b3S;2;9;BELO HORIZONTE;MG;06/2016;261;0;51;0;0;0;313;0;0;0;0;-27;-27;286;0;0;-156;-154;-2;0;62;-3;-253;33;29;62;-1;0;61;0
GÁVEA DISTRIBUIDORA DE TÍTULOS E VALORES MOBILIÁRIOS LTDA;7253654;;;83986;n2;2;16;RIO DE JANEIRO;RJ;06/2016;0;0;311;0;0;0;311;0;0;0;0;0;0;311;3.194;0;-319;-654;-227;0;0;0;1.993;2.305;-8;2.297;-944;-160;1.193;0
COOPERATIVA DE ECONOMIA E CRÉDITO MÚTUO DOS FUNCIONÁRIOS DA GERDAU S/A-UNIDADE MOGI DAS CRUZES;52575206;;;;b3S;2;9;MOGI DAS CRUZES;SP;06/2016;186;0;125;0;0;0;311;0;0;0;0;-9;-9;302;0;0;-115;-65;1;0;13;-2;-169;133;0;133;0;0;133;0
COOPERATIVA DE CRÉDITO MÚTUO DOS FUNCIONÁRIOS E PRESTADORES DE SERVIÇOS DAS EMPRESAS LIGADAS AO GRUPO EUCATUR LTDA. - EUCATURCREDI;21110927;;;;b3S;2;9;JI-PARANA;RO;06/2016;285;0;23;0;0;0;308;-33;-2;0;0;-6;-42;267;16;5;-41;-95;0;0;0;-35;-150;117;0;117;0;0;117;0
COOPERATIVA DE ECONOMIA E CRÉDITO MÚTUO DOS COMERCIANTES DO VESTUÁRIO, CONFECÇÕES E ROCHAS ORNAMENTAIS - CREDSUL.;2330334;;;;b3S;2;9;CACHOEIRO DE ITAPEMIRIM;ES;06/2016;308;0;0;0;0;0;308;-26;0;0;0;-83;-109;199;29;0;-132;-119;1;0;0;0;-223;-24;0;-24;0;0;-24;0
COOPERATIVA DE ECONOMIA E CRÉDITO MÚTUO DOS SERVIDORES DA UNIVERSIDADE ESTADUAL DO SUDOESTE DA BAHIA (UESB) - CREDIUESB;3606488;;;;b3S;2;9;VITORIA DA CONQUISTA;BA;06/2016;257;0;49;0;0;0;306;-51;-1;0;0;-29;-81;225;17;4;-115;-117;0;0;25;0;-185;40;0;40;0;0;40;0
COOPERATIVA DE ECONOMIA E CRÉDITO MÚTUO DOS FUNCIONÁRIOS DA DANA;50654300;;;;b3S;2;9;OSASCO;SP;06/2016;220;0;83;0;0;0;303;0;0;0;0;1;1;304;0;0;0;-155;-4;0;0;0;-159;145;0;145;-25;0;120;0
COOPERATIVA DE ECONOMIA E CRÉDITO MÚTUO DOS EMPREGADOS DOS SUPERMERCADOS RUSSI;2230138;;;;b3S;2;9;JUNDIAI;SP;06/2016;301;0;0;0;0;0;301;0;0;0;0;-33;-33;269;0;0;-81;-44;1;0;50;0;-77;192;0;192;0;-7;185;-125
COOPERATIVA DE ECONOMIA E CREDITO MUTUO DOS EMPREGADOS DE ESTABELECIMENTOS HOSPITALARES DO SUL DO ESTADO DO ESPIRITO SANTO - SULCRED;31746993;;;;b3S;2;9;CACHOEIRO DE ITAPEMIRIM;ES;06/2016;300;0;0;0;0;0;300;0;0;0;0;-1.142;-1.142;-842;2;0;-113;-75;0;0;752;-2;562;-280;0;-280;0;0;-280;0
COOPERATIVA DE ECONOMIA E CREDITO MUTUO DOS EMPREGADOS DA CIA DE ELETRICIDADE DO ESTADO DO RJ CREDICERJ LTDA;30138226;;;;b3S;2;9;NITEROI;RJ;06/2016;300;0;0;0;0;0;300;-8;0;0;0;-19;-28;272;0;0;-146;-161;1;0;79;-31;-259;13;5;18;0;0;18;0
COOPERATIVA DE ECONOMIA E CRÉDITO MÚTUO DOS SERVIDORES DA UNESP - COOPUNESP;69136075;;;;b3S;2;9;RIO CLARO;SP;06/2016;230;0;66;0;0;0;296;-51;0;0;0;-4;-55;241;0;0;0;-177;0;0;16;-1;-162;79;0;79;0;0;79;0
UNICREF - COOPERATIVA DE ECONOMIA E CRÉDITO MÚTUO DOS FUNCIONÁRIOS DA UNIMED DE MANAUS LTDA.;34503581;;;;b3S;2;9;MANAUS;AM;06/2016;260;0;35;0;0;0;295;0;0;0;0;-54;-54;241;0;0;-89;-105;0;0;3;-7;-198;43;8;51;0;0;51;0
COOPERATIVA DE ECONOMIA E CRÉDITO MÚTUO DOS FUNCIONÁRIOS DA ELGIN;45045671;;;;b3S;2;9;MOGI DAS CRUZES;SP;06/2016;223;0;66;0;0;0;289;0;0;0;0;-7;-7;282;0;0;0;-126;0;0;31;-10;-104;177;0;177;0;0;177;0
COOPERATIVA DE ECONOMIA E CREDITO MUTUO DOS FUNCIONARIOS DO GRUPO MAUA LTDA;5048575;;;;b3S;2;9;SAO GONCALO;RJ;06/2016;214;0;68;0;0;0;282;0;0;0;0;-5;-5;277;12;0;-57;-103;0;0;1;-2;-149;128;0;128;-10;0;118;0
BANCOOB DISTRIBUIDORA DE TÍTULOS E VALORES MOBILIÁRIOS LTDA.;7397614;BANCOOB;51750;80879;n2;2;16;BRASILIA;DF;06/2016;0;0;282;0;0;0;282;0;0;0;0;0;0;282;3.620;0;-1.477;-264;-362;0;0;-750;766;1.048;1;1.050;-854;-80;116;0
SICOOB CREDICONT - COOPERATIVA ECONOMIA CRÉDITO MÚTUO EMPREGADOS EMPRESAS INDUSTRIAIS, COMERCIAIS,DE ASSIST. TÉCNICA E LOCADORAS, NAS ÁREAS DE METALURGIA E MAT. ELÉTRICO REGIÕES SÃO PAULO E CAMPINAS;56882988;;;;b3S;2;9;HORTOLANDIA;SP;06/2016;260;0;20;0;0;0;281;0;0;0;0;-574;-574;-293;0;0;-28;-303;0;0;10;0;-321;-614;0;-614;0;0;-614;0
COOPERATIVA DE CRÉDITO RURAL COM INTERAÇÃO SOLIDÁRIA DO ALTO DO VALE DO TAQUARI - CRESOL ILOPOLIS;7356021;;;;b3S;2;9;ILOPOLIS;RS;06/2016;207;0;74;0;0;0;280;-103;-24;0;0;-66;-194;87;20;1;-52;-76;0;0;0;-46;-153;-67;2;-65;0;0;-65;0
COOPERATIVA DE CRÉDITO DOS FUNCIONÁRIOS DO GRUPO PPG;3657230;;;;b3S;2;9;SUMARE;SP;06/2016;273;0;7;0;0;0;280;0;0;0;0;1;1;279;0;0;-126;-66;1;0;10;0;-183;96;0;96;0;0;96;0
ADVALOR DISTRIBUIDORA DE TÍTULOS E VALORES MOBILIÁRIOS LTDA;33824012;;;83797;n2;2;16;RIO DE JANEIRO;RJ;06/2016;0;0;273;0;0;0;273;0;0;0;0;0;0;273;24;0;-330;-282;-14;0;0;0;-602;-328;0;-329;0;0;-329;0
COOPERATIVA DE ECONOMIA E CRÉDITO MÚTUO DOS  EMPREGADOS DO BANCO DA AMAZÔNIA;2827982;;;;b3S;2;9;BELEM;PA;06/2016;272;0;0;0;0;0;272;-15;0;0;0;-4;-19;253;21;0;-199;-97;0;0;19;0;-257;-4;-4;-8;0;0;-8;0
COOPERATIVA DE ECONOMIA E CRÉDITO MÚTUO DOS EMPREGADOS DAS EMPRESAS DE DIVERSÕES DO ESTADO DE SÃO PAULO;68314921;;;;b3S;2;9;SAO PAULO;SP;06/2016;157;0;112;0;0;0;269;0;-60;0;0;-10;-70;199;0;0;0;-107;0;9;0;-3;-102;98;0;98;0;0;98;0
COOPERATIVA DE CRÉDITO MÚTUO DOS FUNCIONÁRIOS DA CAMDA-COCREALPA - CREDI-CAMDA;5165103;;;;b3S;2;9;ADAMANTINA;SP;06/2016;171;0;98;0;0;0;268;0;0;0;0;-34;-34;235;68;0;-35;-73;0;0;44;0;3;238;0;238;-24;0;214;-148
COOPERATIVA DE CRÉDITO RURAL COM INTERAÇÃO SOLIDÁRIA DE MARILENA - CRESOL MARILENA;11212010;;;;b3S;2;9;MARILENA;PR;06/2016;212;0;56;0;0;0;268;-35;-56;0;0;-263;-355;-87;18;28;-80;-94;0;0;6;-38;-160;-247;-7;-254;-2;-2;-257;0
CREDBRASIL - SOCIEDADE DE CRÉDITO AO MICROEMPREENDEDOR LTDA;3635061;;;83003;n1;2;10;PAULINIA;SP;06/2016;264;0;0;0;0;0;264;0;0;0;0;-27;-27;238;0;0;-160;-100;-10;0;0;-5;-274;-37;0;-37;6;0;-31;0
COOPERATIVA DE ECONOMIA E CRÉDITO MÚTUO DOS EMPREGADOS DA ALUMAR - SICOOB ALUMAR;7635360;;;;b3S;2;9;SAO LUIS;MA;06/2016;220;0;43;0;0;0;263;0;0;0;0;-11;-11;251;4;0;-292;-152;-2;0;0;1;-441;-190;0;-190;0;0;-190;0
MONOPÓLIO CORRETORA DE CÂMBIO LTDA.;34666362;;;84356;n2;2;21;BELEM;PA;06/2016;0;0;0;0;259;0;259;0;0;0;0;0;0;259;5;0;-104;-247;-27;0;14;0;-359;-100;0;-100;0;0;-100;0
COOPERATIVA DE ECONOMIA E CRÉDITO MÚTUO DOS FUNCIONÁRIOS DA AFFINIA;9128022;;;;b3S;2;9;OSASCO;SP;06/2016;230;0;29;0;0;0;259;0;0;0;0;2;2;261;0;0;0;-100;-1;0;0;-1;-103;158;0;158;-9;0;149;0
COOPERATIVA DE ECONOMIA E CRÉDITO MÚTUO DOS FUNCIONÁRIOS DO RÁPIDO LUXO CAMPINAS;2312896;;;;b3S;2;9;VALINHOS;SP;06/2016;208;0;50;0;0;0;258;-3;0;0;0;14;11;270;0;0;0;-265;0;0;163;1;-104;166;0;166;0;0;166;0
BRASCAN CIA. HIPOTECARIA;3409228;BROOKFIELD;50885;80453;n1;3;29;RIO DE JANEIRO;RJ;06/2016;0;0;255;0;0;0;255;0;0;0;0;0;0;255;0;0;0;-67;-12;0;0;0;-79;177;0;177;-67;0;109;0
COOPERATIVA DE CRÉDITO RURAL E SERVIDORES PÚBLICOS DE MINEIROS GOIÁS;5491616;;;;b3S;2;9;MINEIROS;GO;06/2016;229;0;26;0;0;0;255;-36;0;0;0;-69;-105;150;0;77;-131;-152;0;0;27;-7;-186;-37;0;-37;0;0;-37;0
COOPERATIVA DE ECONOMIA E CRÉDITO MÚTUO DOS FUNCIONÁRIOS DA SELENE;72952138;;;;b3S;2;9;CERQUILHO;SP;06/2016;198;0;53;0;0;0;252;0;0;0;0;-4;-4;248;0;0;0;-54;0;0;10;-43;-87;160;0;160;0;0;160;0
COOPERASA - COOPERATIVA DE ECONOMIA E CRÉDITO MÚTUO DOS FUNCIONARIOS DAS EMPRESAS DA AGUIA PARTICIPAÇÕES;5296712;;;;b3S;2;9;PONTA GROSSA;PR;06/2016;252;0;0;0;0;0;252;0;0;0;0;0;0;252;0;0;-57;-65;0;0;0;0;-122;130;0;129;0;0;129;0
COOPERATIVA DE CRÉDITO DOS EMPREGADOS DAS EMPRESAS DO GRUPPO M&G NO BRASIL;62605290;;;;b3S;2;9;POCOS DE CALDAS;MG;06/2016;237;0;14;0;0;0;250;0;0;0;0;1;1;250;0;0;-72;-38;-4;0;0;0;-114;136;0;136;-4;0;131;0
VINCI DISTRIBUIDORA DE TÍTULOS E VALORES MOBILIÁRIOS LTDA.;21112244;;;84459;n2;2;16;RIO DE JANEIRO;RJ;06/2016;0;0;250;0;0;0;250;0;0;0;0;0;0;250;6.947;0;-3.023;-2.369;-474;0;0;0;1.081;1.330;14;1.344;-146;-1.082;117;0
COOPERATIVA DE ECONOMIA E CRÉDITO MÚTUO DOS FUNCIONÁRIOS DA ACUMENT BRASIL;45068632;;;;b3S;2;9;ATIBAIA;SP;06/2016;196;0;50;0;0;0;246;0;0;0;0;1;1;246;0;0;-143;-67;1;0;2;0;-209;36;0;36;0;0;36;0
PÓLOCRED   SOCIEDADE DE CRÉDITO AO MICROEMPREENDEDOR E À EMPRESA DE PEQUENO PORTE LTDA.;7945233;;;83106;n1;2;10;FLORIANOPOLIS;SC;06/2016;233;0;12;0;0;0;245;0;-16;0;0;-33;-49;196;79;0;-165;-194;0;0;0;0;-280;-84;2;-82;0;0;-82;0
ATLANTA SOCIEDADE DE CRÉDITO AO MICROEMPREENDEDOR LTDA;4772908;;;83034;n1;2;10;PASSOS;MG;06/2016;227;0;16;0;0;0;243;0;0;0;0;131;131;373;7;0;-94;-52;-20;0;0;0;-159;215;0;215;0;0;215;0
COOPERATIVA DE CRÉDITO MÚTUO DOS FUNCIONÁRIOS DA FIEP, SESI, SENAI, IEL E COND EDIFÍCIO AGOSTINHO VELLOSO DA SILVEIRA (CEAVS) - CREDFISP LTDA.;5747018;;;;b3S;2;9;CAMPINA GRANDE;PB;06/2016;214;0;25;0;0;0;240;0;0;0;0;-22;-22;218;0;0;-82;-77;0;0;58;-43;-144;74;-39;35;0;0;35;0
PLANNER TRUSTEE DISTRIBUIDORA DE TÍTULOS E VALORES MOBILIÁRIOS LTDA.;67030395;PLANNER;51341;80587;n2;2;16;SAO PAULO;SP;06/2016;0;0;238;0;0;0;238;0;0;0;0;150;150;388;2.794;0;-1.901;-1.073;-282;-44;156;0;-349;39;0;39;0;-280;-241;0
COOPERATIVA DE CRÉDITO MÚTUO DOS EMPREGADOS DAS INDÚSTRIAS DO PAPEL, PAPELÃO E CORTIÇA DE OTACÍLIO COSTA, LAGES E CORREA PINTO - PAPELCREDI;6369729;;;;b3S;2;9;OTACILIO COSTA;SC;06/2016;217;0;9;0;0;0;227;-63;0;0;0;-24;-87;140;0;0;-44;-79;0;0;8;-2;-117;22;0;22;0;0;22;0
MEGA CORRETORA DE CÂMBIO LTDA.;15077393;;;82327;n2;2;21;RIO CLARO;SP;06/2016;0;0;34;0;191;0;226;0;0;0;0;0;0;226;0;0;-71;-120;-11;0;0;0;-202;24;0;24;-9;0;16;0
COOPERATIVA DE ECONOMIA E CRÉDITO MÚTUO DOS FUNCIONÁRIOS DA CORREIAS MERCÚRIO;67607564;;;;b3S;2;9;JUNDIAI;SP;06/2016;179;0;44;0;0;0;222;0;0;0;0;-11;-11;212;0;0;-53;-51;0;0;9;0;-95;116;0;116;0;0;116;0
EXIM CORRETORA DE CAMBIO LTDA;73302408;;;82217;n2;2;21;PORTO ALEGRE;RS;06/2016;0;0;5;0;217;0;222;0;0;0;0;0;0;222;233;0;-197;-256;-33;0;0;0;-253;-31;0;-31;0;1;-32;0
COOPERATIVA DE ECONOMIA E CRÉDITO MÚTUO DOS EMPRESÁRIOS DA REGIÃO METROPOLITANA DE PATOS - SICOOB ESPINHARAS;22150505;;;;b3S;2;9;PATOS;PB;06/2016;202;0;19;0;0;0;221;-28;-6;0;0;-15;-49;172;37;37;-176;-324;-2;0;32;-5;-401;-229;0;-229;0;0;-229;0
COOPERATIVA DE ECONOMIA E CREDITO MUTUO DOS TRABALHADORES EM CONSELHOS DE FISCALIZACAO PROFISSIONAL NO MUNICIPIO DO RIO DE JANEIRO LTDA.;2850075;;;;b3S;2;9;RIO DE JANEIRO;RJ;06/2016;218;0;0;0;0;0;218;0;0;0;0;10;10;228;0;0;-110;-93;0;0;2;0;-201;27;0;27;0;0;27;0
CREDEXTRA - COOPERATIVA DE ECONOMIA E CRÉDITO MÚTUO DOS EMPREGADOS DA REALMAR DISTRIBUIDORA LTDA;4899135;;;;b3S;2;9;SERRA;ES;06/2016;203;0;14;0;0;0;217;0;0;0;0;-9;-9;208;7;0;-63;-75;-1;0;29;0;-102;106;0;106;-2;0;104;0
COOPERATIVA DE ECONOMIA E CREDITO MUTUO DOS SERVIDORES DO COLEGIO PEDRO II;2910387;;;;b3S;2;9;RIO DE JANEIRO;RJ;06/2016;207;0;9;0;0;0;216;0;0;0;0;1;1;217;0;0;-84;-54;0;0;12;0;-126;91;0;91;0;0;91;-95
COOPERATIVA DE ECONOMIA E CRÉDITO MÚTUO DOS EMPREGADOS DO GRUPO PARAMOUNT;88183173;;;;b3S;2;9;SAPUCAIA DO SUL;RS;06/2016;189;0;26;0;0;0;215;0;0;0;0;-2;-2;213;2;0;-77;-44;0;0;0;-3;-122;92;0;92;-4;0;88;0
BRL TRUST DISTRIBUIDORA DE TÍTULOS E VALORES MOBILIÁRIOS S.A.;13486793;;;84277;n2;2;16;SAO PAULO;SP;06/2016;0;0;207;0;0;0;207;0;0;0;0;40;40;247;9.481;0;-3.544;-2.690;-692;0;178;0;2.732;2.979;0;2.979;-1.319;0;1.661;0
TATICA S.A. - DISTRIBUIDORA DE TITULOS E VALORES MOBILIARIOS;66616632;;;83852;n2;2;16;SAO PAULO;SP;06/2016;0;0;207;0;0;0;207;0;0;0;0;0;0;207;0;0;-424;-276;-11;-67;1;0;-778;-571;0;-571;0;0;-571;0
COOPERATIVA DE ECONOMIA E CRÉDITO MÚTUO DOS FUNCIONÁRIOS DA DANA INDÚSTRIAS;91018408;;;;b3S;2;9;GRAVATAI;RS;06/2016;196;0;11;0;0;0;207;0;0;0;0;1;1;208;0;0;-59;-29;1;0;0;0;-89;119;0;119;0;0;119;0
COOPERATIVA DE ECONOMIA E CRÉDITO MÚTUO DOS SERVENTUÁRIOS DA CIMENTO TUPI S.A. E EMPRESAS COLIGADAS LTDA. - TUPICRED;19551787;;;;b3S;2;9;CARANDAI;MG;06/2016;187;0;17;0;0;0;204;0;0;0;0;-7;-7;197;0;0;-39;-52;0;0;35;0;-56;141;0;141;0;0;141;-44
COOPERATIVA DE ECONOMIA E CREDITO MUTUO DOS FUNCIONARIOS DA FMC LTDA;42258376;;;;b3S;2;9;RIO DE JANEIRO;RJ;06/2016;200;0;3;0;0;0;203;0;0;0;0;-17;-17;187;0;0;-64;-54;0;0;0;0;-118;69;0;69;0;0;69;-53
COOPERATIVA DE ECONOMIA E CRÉDITO MÚTUO DOS FUNCIONÁRIOS DA FUNDACAO EDUCACIONAL DE BARRETOS - COOPERFEB;2846074;;;;b3S;2;9;BARRETOS;SP;06/2016;178;0;21;0;0;0;199;0;0;0;0;8;8;208;0;0;-33;-91;0;14;0;0;-110;98;0;98;0;0;98;0
COOPERATIVA DE ECONOMIA E CRÉDITO MÚTUO DOS FUNCIONÁRIOS DA USINA SANTA MARIA - PILONCRED;1107759;;;;b3S;2;9;CERQUILHO;SP;06/2016;130;0;65;0;0;0;195;0;0;0;0;-2;-2;193;0;0;0;-70;0;0;9;0;-61;132;0;132;0;0;132;0
COOPERATIVA DE ECONOMIA E CRÉDITO MÚTUO DOS EMPREGADOS DA ELEKTRO;56396682;;;;b3S;2;9;RIO CLARO;SP;06/2016;192;0;1;0;0;0;193;-4;-6;0;0;-13;-23;169;0;0;-49;-124;1;0;33;0;-141;28;0;28;0;0;28;0
COOPERATIVA DE ECONOMIA E CRÉDITO MÚTUO DOS SERVIDORES PÚBLICOS DO LITORAL NORTE DO RIO GRANDE DO SUL   CRESOL COOPERSLIN;11051952;;;;b3S;2;9;TORRES;RS;06/2016;184;0;9;0;0;0;192;-20;-45;0;0;-17;-82;110;2;0;-32;-61;0;0;0;-12;-102;8;2;9;0;0;9;0
COOPERATIVA DE ECONOMIA E CRÉDITO MÚTUO DOS EMPREGADOS DA EATON LTDA.;43553049;;;;b3S;2;9;SAO JOSE DOS CAMPOS;SP;06/2016;191;0;0;0;0;0;191;0;0;0;0;-21;-21;169;0;0;-27;-60;0;0;9;0;-79;91;0;91;0;0;91;-90
COOPERATIVA DE ECONOMIA E CRÉDITO MÚTUO DOS FUNCIONÁRIOS DO GRUPO LORENZETTI;44905255;;;;b3S;2;9;SAO PAULO;SP;06/2016;189;0;0;0;0;0;189;0;0;0;0;1;1;189;0;0;-38;-43;0;0;236;0;154;343;0;343;0;-1;341;-22
COOPERATIVA DE CRÉDITO RURAL DO AGRESTE ALAGOANO - COOPERAGRE;8482873;;;;b3S;2;9;IGACI;AL;06/2016;163;0;23;0;0;0;186;-13;-10;0;0;-20;-43;143;0;9;-85;-86;0;0;0;-1;-163;-21;-1;-22;1;0;-23;0
COOPERATIVA DE ECONOMIA E CRÉDITO MÚTUO DOS FUNCIONÁRIOS DO GRUPO SUGGAR LTDA.;548980;;;;b3S;2;9;BELO HORIZONTE;MG;06/2016;179;0;6;0;0;0;185;0;0;0;0;-1;-2;184;10;0;-9;-51;1;0;0;1;-51;133;0;132;-1;0;131;-52
COOPERATIVA DE CRÉDITO RURAL DO AGRESTE CENTRAL ALAGOANO LTDA. - COOPCRAL;8202793;;;;b3S;2;9;ARAPIRACA;AL;06/2016;178;0;5;0;0;0;183;-1;-16;0;0;-7;-25;158;11;0;-56;-76;0;0;5;-34;-150;8;-5;4;-2;0;2;0
COOPERATIVA DE CRÉDITO MÚTUO DOS SERVIDORES PÚBLICOS MUNICIPAIS DE JABOTICABAL - COOPERSERV;881829;;;;b3S;2;9;JABOTICABAL;SP;06/2016;168;0;13;0;0;0;180;0;0;0;0;-30;-30;151;0;0;-15;-164;0;0;34;0;-145;6;0;6;0;0;6;0
COOPERATIVA DE ECONOMIA E CRÉDITO MÚTUO DOS EMPREGADOS DA ALSTOM;88043187;;;;b3S;2;9;CANOAS;RS;06/2016;169;0;11;0;0;0;180;-25;0;0;0;-24;-49;131;4;0;-45;-67;0;0;0;-1;-109;21;0;21;0;0;21;0
RIO BRAVO INVESTIMENTOS - DISTRIBUIDORA DE TÍTULOS E VALORES MOBILIÁRIOS LTDA.;72600026;;;84136;n2;2;16;SAO PAULO;SP;06/2016;0;0;178;0;0;0;178;0;0;0;0;0;0;178;6.169;0;-3.643;-2.408;-453;0;75;-6;-265;-87;-247;-334;0;-480;-814;0
COOPERATIVA DE CREDITO RURAL COM INTERACAO SOLIDARIA DE OLIVEIRA DOS BREJINHOS - CRESOL OLIVEIRA DOS BREJINHOS;5428587;;;;b3S;2;9;OLIVEIRA DOS BREJINHOS;BA;06/2016;155;0;20;0;0;0;175;-47;-2;0;0;-1;-50;126;4;0;-28;-60;0;0;1;-17;-100;25;0;26;0;0;26;0
CREDILON SOCIEDADE DE CREDITO AO MICROEMPREENDEDOR DA REGIAO DE LONDRINA LTDA;4223451;;;83120;n1;2;10;LONDRINA;PR;06/2016;175;0;0;0;0;0;175;0;0;0;0;-41;-41;134;0;0;-44;-72;-6;0;0;-14;-136;-2;1;-1;-6;0;-7;0
TENDÊNCIA CORRETORA DE CÂMBIO, TÍTULOS E VALORES MOBILIÁRIOS LTDA.;58506221;;;82602;n2;2;15;SAO PAULO;SP;06/2016;0;0;174;0;0;0;174;0;0;0;0;0;0;174;797;0;-898;-1.788;-85;0;386;0;-1.588;-1.414;0;-1.414;0;0;-1.414;0
RB CAPITAL DISTRIBUIDORA DE TÍTULOS E VALORES MOBILIÁRIOS LTDA.;89960090;;;84174;n2;2;16;SAO PAULO;SP;06/2016;0;0;173;0;0;0;173;0;0;0;0;0;0;173;494;0;-319;-612;-56;0;19;1;-475;-302;0;-302;0;0;-302;0
COOPERATIVA DE CRÉDITO DOS EMPREGADOS DO GRUPO COPERSUCAR E CTC - UNICOPER;977212;;;;b3S;2;9;SAO PAULO;SP;06/2016;165;0;7;0;0;0;171;0;0;0;0;65;65;237;0;0;0;-143;0;0;9;0;-134;103;0;103;0;0;103;0
COOPERATIVA DE ECONOMIA E CRÉDITO MÚTUO DOS FUNCIONÁRIOS DE ZANETTINI BAROSSI;52218849;;;;b3S;2;9;SAO PAULO;SP;06/2016;153;0;16;0;0;0;169;0;0;0;0;8;8;177;0;0;-61;-61;0;0;8;0;-113;64;0;64;0;0;64;0
FUTURA SOCIEDADE DE CREDITO AO MICROEMPREENDEDOR LTDA.;6039009;;;83199;n1;2;10;JOAO PESSOA;PB;06/2016;168;0;0;0;0;0;168;0;0;0;0;0;0;168;0;5;-41;-26;0;0;0;0;-62;106;0;106;-37;0;69;0
DASCAM CORRETORA DE CÂMBIO LTDA.;65645137;;;81964;n2;2;21;SAO PAULO;SP;06/2016;0;0;168;0;0;0;168;0;0;0;0;-7;-7;160;4.062;23;-2.187;-1.283;-403;0;27;-45;194;354;0;354;-146;0;208;0
COOPERATIVA DE ECONOMIA E CRÉDITO MÚTUO DOS EMPREGADOS DA FUNDAÇÃO PARA O DESENVOLVIMENTO DA EDUCAÇÃO;64764129;;;;b3S;2;9;SAO PAULO;SP;06/2016;129;0;37;0;0;0;166;0;0;0;0;4;4;170;0;0;0;-106;0;0;9;-4;-102;68;0;68;0;0;68;0
COOPERATIVA DE ECONOMIA E CRÉDITO MÚTUO DOS FUNCIONÁRIOS DA MAXION LTDA - COOPERMAXION;44378586;;;;b3S;2;9;CONTAGEM;MG;06/2016;165;0;0;0;0;0;165;0;0;0;0;1;1;166;0;0;-71;-50;1;0;2;0;-119;47;0;47;0;0;47;0
COOPERATIVA DE ECONOMIA E CRÉDITO MÚTUO DOS FUNCIONÁRIOS DO GRUPO GARDÊNIA LTDA. - COOPERGARDÊNIA;1499278;;;;b3S;2;9;POUSO ALEGRE;MG;06/2016;164;0;1;0;0;0;164;0;0;0;0;-5;-5;159;0;0;-56;-64;0;0;3;0;-117;42;0;42;0;0;42;0
APEAL - CREDITO IMOBILIARIO S/A;12719654;;;83395;n1;2;31;MACEIO;AL;06/2016;0;0;38;0;0;124;162;0;0;0;0;0;0;162;125;0;-32;-105;-8;0;0;0;-20;142;0;142;0;0;142;0
COOPERATIVA CENTRAL DE CREDITO RURAL HORIZONTES NOVOS - CREHNOR CENTRAL;5879577;;;;b3C;2;9;SARANDI;RS;06/2016;127;0;35;0;0;0;161;-124;0;0;0;0;-124;37;911;0;-274;-649;0;0;0;-12;-24;13;-13;0;0;0;0;0
COOPERATIVA DE ECONOMIA E CRÉDITO MÚTUO DOS EMPREGADOS DA HELIBRAS - HELICOOP;41790809;;;;b3S;2;9;ITAJUBA;MG;06/2016;161;0;0;0;0;0;161;0;0;0;0;2;2;163;0;0;-69;-46;0;0;18;0;-97;65;0;65;0;-4;61;0
COOPERATIVA DE ECONOMIA E CRÉDITO MÚTUO DOS FUNCIONÁRIOS DAS INSTITUIÇÕES DE SERVIÇO SOCIAL AUTÔNOMO EM MANAUS LTDA.;2321862;;;;b3S;2;9;MANAUS;AM;06/2016;127;0;32;0;0;0;159;0;0;0;0;-15;-15;143;6;0;-47;-39;0;0;0;0;-80;63;0;63;0;0;63;-51
COOPERATIVA DE ECONOMIA E CREDITO MUTUO DOS SERVIDORES DA UERJ LTDA. - COOPUERJ;28885036;;;;b3S;2;9;RIO DE JANEIRO;RJ;06/2016;147;0;10;0;0;0;157;0;0;0;0;-197;-197;-40;0;0;-210;-124;-1;0;198;-9;-147;-187;0;-187;0;0;-187;0
COOPERATIVA DE ECONOMIA E CREDITO MUTUO DOS FUNCIONARIOS DA VIACAO NOSSA SENHORA DO AMPARO LTDA. - COPERFAMP;2192115;;;;b3S;2;9;MARICA;RJ;06/2016;154;0;2;0;0;0;156;-2;0;0;0;-6;-8;148;2;0;-43;-96;0;0;46;0;-92;56;4;59;1;0;58;0
CORPAL SOCIEDADE DE CRÉDITO AO MICROEMPREENDEDOR E ÀS EMPRESAS DE PEQUENO PORTE LTDA.;7327045;;;83216;n1;2;10;DOURADOS;MS;06/2016;132;0;21;0;0;0;153;0;0;0;0;135;135;288;0;14;-155;-103;-8;0;1;-62;-312;-25;0;-25;32;0;7;0
SANTINVEST S.A. DISTRIBUIDORA DE TÍTULOS E VALORES MOBILIÁRIOS;122328;SANTINVEST;50816;80446;n2;2;16;FLORIANOPOLIS;SC;06/2016;0;0;150;0;0;0;150;0;0;0;0;0;0;150;0;0;-51;-28;-7;0;0;-34;-121;29;0;29;-10;0;19;0
BR-CAPITAL DISTRIBUIDORA DE TÍTULOS E VALORES MOBILIÁRIOS S.A.;44077014;;;83814;n2;2;16;SAO PAULO;SP;06/2016;0;0;150;0;0;0;150;0;0;0;0;0;0;150;848;0;-464;-981;-63;0;2;0;-658;-509;4.336;3.827;-1.698;0;2.129;0
RELIANCE - DISTRIBUIDORA DE TÍTULOS E VALORES MOBILIÁRIOS LTDA.;4215594;;;83742;n2;2;16;SAO PAULO;SP;06/2016;0;0;150;0;0;0;150;0;0;0;0;0;0;150;5.199;0;-2.031;-2.730;-509;0;7;0;-63;87;0;87;-30;0;57;0
COOPERATIVA DE ECONOMIA E CREDITO MÚTUO DOS PROFESSORES ESTADUAIS DA REGIÃO METROPOLITANA DE PORTO ALEGRE - EDUCREDI;5419025;;;;b3S;2;9;PORTO ALEGRE;RS;06/2016;120;0;29;0;0;0;149;-15;-2;0;0;-22;-39;110;94;0;-64;-119;-5;0;26;0;-68;42;0;42;-14;0;28;0
COOPERATIVA DE ECONOMIA E CRÉDITO MÚTUO DOS EMPREGADOS DA UNIFI - CREDIUNIFI;3685335;;;;b3S;2;9;SAO PAULO;SP;06/2016;135;0;14;0;0;0;149;0;0;0;0;-1;-1;148;0;0;-41;-48;0;0;8;0;-81;67;0;67;0;0;67;0
COOPERATIVA DE ECONOMIA E CRÉDITO MÚTUO DOS EMPREGADOS DA BECTON DICKINSON INDÚSTRIAS CIRÚRGICAS LTDA., LTDA.;21597133;;;;b3S;2;9;JUIZ DE FORA;MG;06/2016;128;0;21;0;0;0;149;0;0;0;0;-1;-1;147;0;0;-82;-33;-1;0;0;0;-117;30;0;30;-1;0;29;0
COOPERATIVA DE ECONOMIA E CRÉDITO MÚTUO DOS EMPREGADOS DA EMPRESA SUPERMERCADOS JAU SERVE - COOPERJS;3400651;;;;b3S;2;9;JAU;SP;06/2016;100;0;47;0;0;0;147;0;0;0;0;-2;-2;145;0;0;-30;-52;0;0;8;0;-74;71;0;71;0;0;71;0
COOPERATIVA DE CRÉDITO RURAL ASCOOB SUDOESTE;3071386;;;;b3S;2;9;BARRA DO CHOCA;BA;06/2016;124;0;21;0;0;0;145;-21;-15;0;0;-34;-70;75;34;38;-114;-114;0;0;0;0;-157;-83;0;-83;0;0;-83;0
COOPERATIVA DE ECONOMIA E CREDITO MUTUO DOS EMPREGADOS DO COLEGIO SANTO INACIO - COESI;2447184;;;;b3S;2;9;RIO DE JANEIRO;RJ;06/2016;128;0;17;0;0;0;144;0;0;0;0;-31;-31;114;0;0;0;-118;0;0;0;-5;-123;-9;0;-9;-1;0;-10;0
CENTRAL DAS COOPERATIVAS DE ECONOMIA E CRÉDITO MÚTUO DO ESTADO DO ESPÍRITO SANTO LTDA. - CECOOPES;5790149;;;;b3C;2;9;VITORIA;ES;06/2016;11;0;129;0;0;0;140;-130;0;0;0;-375;-504;-364;0;0;-200;-288;-7;0;887;-16;377;12;0;12;-12;0;0;0
COOPERATIVA DE CRÉDITO RURAL COM INTERAÇÃO SOLIDÁRIA DE TABOCAS DO BREJO VELHO - CRESOL TABOCAS DO BREJO VELHO;5478479;;;;b3S;2;9;TABOCAS DO BREJO VELHO;BA;06/2016;125;0;13;0;0;0;138;-29;-5;0;0;-4;-39;98;3;0;-43;-48;0;0;0;-7;-96;3;1;2;0;0;2;0
COOPERATIVA DE CRÉDITO MÚTUO DOS SERVIDORES PÚBLICOS DA ESTÂNCIA TURÍSTICA DE RIBEIRÃO PIRES - CREDIRP;4587402;;;;b3S;2;9;RIBEIRAO PIRES;SP;06/2016;126;0;11;0;0;0;137;-1;0;0;0;-3;-4;133;0;0;0;-20;0;0;17;-39;-41;92;0;92;0;0;92;0
COOPERATIVA DE CREDITO RURAL ASCOOB CREDIMONTE;5602448;;;;b3S;2;9;JACOBINA;BA;06/2016;118;0;19;0;0;0;137;-38;-14;0;0;-58;-110;26;7;48;-119;-141;-1;0;23;-55;-238;-212;0;-212;0;0;-212;0
BOM CRÉDITO   SOCIEDADE DE CRÉDITO AO MICROEMPREENDEDOR E À EMPRESA DE PEQUENO PORTE LTDA.;5669150;;;83065;n1;2;10;VOLTA REDONDA;RJ;06/2016;137;0;0;0;0;0;137;0;-2;0;0;-26;-28;109;48;0;-46;-95;-9;0;0;-5;-107;2;0;2;1;0;2;0
COOPERATIVA DE ECONOMIA E CRÉDITO MÚTUO DOS TRABALHADORES EM SANEAMENTO BÁSICO NO ESTADO DO ESPÍRITO SANTO - CECMESB-ES;27418557;;;;b3S;2;9;VITORIA;ES;06/2016;133;0;3;0;0;0;136;1;0;0;0;-31;-32;105;0;3;-79;-65;1;0;45;0;-97;8;0;8;0;0;8;0
LÚMINA CORRETORA DE CÂMBIO LTDA.;15122605;;;82310;n2;2;21;SALVADOR;BA;06/2016;0;0;4;0;131;0;136;0;0;0;0;0;0;136;0;0;-45;-49;-6;0;0;0;-101;35;0;35;-14;0;20;0
CASA DO CRÉDITO S.A. SOCIEDADE DE CRÉDITO AO MICROEMPREENDEDOR;5442029;;;83175;n1;2;10;SAO PAULO;SP;06/2016;127;0;7;0;0;0;133;0;0;0;0;0;0;133;1;3;-85;-184;-7;0;19;1;-255;-121;-5;-127;0;0;-127;0
CAMBIALL CASH CORRETORA DE CÂMBIO LTDA.;14652687;;;82293;n2;2;21;RECIFE;PE;06/2016;0;0;0;0;132;0;132;0;0;0;0;0;0;132;0;0;-61;-108;-6;0;0;0;-175;-43;0;-43;-1;0;-44;0
COOPERATIVA DE ECONOMIA E CRÉDITO MÚTUO DOS FUNCIONÁRIOS DAS EMPRESAS DE CERÂMICA - COOPASPACER;2541707;;;;b3S;2;9;SANTA GERTRUDES;SP;06/2016;114;0;18;0;0;0;132;-57;0;0;0;-4;-62;70;0;0;0;-54;0;0;9;-2;-47;23;0;23;0;0;23;0
ÁTICO DISTRIBUIDORA DE TÍTULOS E VALORES MOBILIÁRIOS LTDA.;14425205;;;84291;n2;2;16;RIO DE JANEIRO;RJ;06/2016;0;0;141;0;0;-11;130;0;0;0;0;0;0;130;181;0;0;-229;-19;0;0;-6;-72;58;0;58;-26;0;32;0
JN-MAXI CORRETORA DE CÂMBIO LTDA.;20283069;;;84370;n2;2;21;SALVADOR;BA;06/2016;0;0;0;0;129;0;129;0;0;0;0;0;0;129;0;0;-36;-98;-7;0;0;0;-141;-12;0;-12;0;0;-12;0
COOPERATIVA DE CRÉDITO RURAL ASCOOB COOPEC - ASCOOB COOPEC;9244973;;;;b3S;2;9;POCO VERDE;SE;06/2016;122;0;6;0;0;0;127;-9;-18;0;0;-23;-51;76;1;12;-40;-48;0;0;0;-8;-82;-6;0;-6;0;0;-6;0
COOPERATIVA DE CRÉDITO MÚTUO DOS TRABALHADORES DO SISTEMA FINANCEIRO DE CURITIBA E REGIÃO - COOPCREFI;6942423;;;;b3S;2;9;CURITIBA;PR;06/2016;117;0;10;0;0;0;127;-20;0;0;0;-16;-36;91;0;0;0;-29;0;0;1;0;-28;63;0;63;0;0;63;0
COOPESA-COOPERATIVA DE ECONOMIA E CREDITO MUTUO DOS FUNCIONARIOS DA COESA TRANSPORTES E EMPRESAS COLIGADAS LTDA;68848563;;;;b3S;2;9;SAO GONCALO;RJ;06/2016;101;0;21;0;0;0;122;0;0;0;0;1;1;123;3;0;-59;-27;0;0;0;-5;-88;36;0;36;-4;0;32;0
CONSEGTUR CORRETORA DE CÂMBIO LTDA.;15168152;;;82303;n2;2;21;SAO PAULO;SP;06/2016;0;0;0;0;120;0;120;0;0;0;0;0;0;120;35;0;-73;-112;-9;0;0;0;-160;-40;0;-40;0;0;-40;0
COOPERATIVA DE ECONOMIA E CRÉDITO MÚTUO DOS EMPREGADOS DA FUNDAÇÃO ARTHUR BERNARDES LTDA. - COOFAB;2738981;;;;b3S;2;9;VICOSA;MG;06/2016;119;0;0;0;0;0;119;0;0;0;0;-5;-5;114;0;0;-23;-26;0;0;0;0;-49;65;0;65;0;0;65;-41
COOPERATIVA DE ECONOMIA E CRÉDITO MÚTUO DOS EMPREGADOS DO GRUPO METALAC - COOPERMETA;65594772;;;;b3S;2;9;SOROCABA;SP;06/2016;81;0;36;0;0;0;118;0;0;0;0;1;1;117;0;0;-56;-55;0;0;9;0;-103;14;0;14;0;0;14;0
COOPERATIVA DE ECONOMIA E CREDITO MUTUO DOS EMPREGADOS DO GRUPO SAINT GOBAIN;88325097;;;;b3S;2;9;CAMPO BOM;RS;06/2016;115;0;1;0;0;0;116;0;-1;0;0;1;0;116;1;0;-40;-71;0;0;0;0;-110;6;0;6;0;0;6;0
COOPERATIVA DE ECONOMIA E CREDITO MUTUO DOS TRABALHADORES DO GRUPO EMPRESARIAL ITATIAIA LTDA. - COOPERITA;20177390;;;;b3S;2;9;UBA;MG;06/2016;109;0;7;0;0;0;115;0;0;0;0;4;4;119;0;0;-26;-41;0;0;0;0;-67;52;0;52;0;0;52;0
COOPERATIVA DE ECONOMIA E CRÉDITO MÚTUO DOS EMPREGADOS DO SEBRAE BAHIA - COOPSOL;5658367;;;;b3S;2;9;SALVADOR;BA;06/2016;102;0;9;0;0;0;111;0;0;0;0;-5;-5;106;2;0;-38;-72;0;0;0;0;-108;-2;1;-2;0;0;-2;-45
COOPERATIVA DE CRÉDITO RURAL DOS PRODUTORES DA REGIÃO DE IRECÊ - CREDIRURAL;5853210;;;;b3S;2;9;IRECE;BA;06/2016;87;0;20;0;0;0;107;-2;-7;0;0;-57;-66;41;28;16;-75;-60;1;0;0;0;-92;-51;0;-51;0;0;-51;0
COOPERATIVA DE ECONOMIA E CRÉDITO MÚTUO DOS TRABALHADORES DAS INDÚSTRIAS METALÚRGICAS DE PORTO ALEGRE E GRANDE PORTO ALEGRE;90560434;;;;b3S;2;9;CACHOEIRINHA;RS;06/2016;100;0;3;0;0;0;104;-6;0;0;0;-21;-27;77;0;0;-47;-61;0;0;12;-5;-101;-24;0;-24;0;0;-24;0
COOPERATIVA DE ECONOMIA E CREDITO MUTUO DOS FUNCIONARIOS DA SANEPAR - CREDISANEPAR;3165497;;;;b3S;2;9;CASCAVEL;PR;06/2016;95;0;8;0;0;0;103;-8;0;0;0;-1;-9;94;0;0;-41;-23;0;0;0;-16;-80;14;0;14;0;0;14;-8
COOPERATIVA DE CRÉDITO MÚTUO DOS DISTRIBUIDORES DE BEBIDAS DO ESTADO DE SÃO PAULO - SICOOB CREDIBESP;7753938;;;;b3S;2;9;SAO PAULO;SP;06/2016;94;0;8;0;0;0;102;0;0;0;0;-11;-11;91;1;0;-18;-97;0;0;15;0;-100;-9;0;-9;0;0;-9;0
COOPERATIVA DE ECONOMIA E CRÉDITO MÚTUO DOS FUNCIONÁRIOS DA VB TRANSPORTES E TURISMO;51920502;;;;b3S;2;9;CAMPINAS;SP;06/2016;93;0;8;0;0;0;101;0;0;0;0;542;542;643;0;0;0;-120;0;0;8;-5;-116;526;0;526;0;0;526;0
JOHN DEERE DISTRIBUIDORA DE TÍTULOS E VALORES MOBILIÁRIOS LTDA.;87963450;JOHN DEERE;50071;80343;n2;3;16;INDAIATUBA;SP;06/2016;0;0;101;0;0;0;101;0;0;0;0;0;0;101;0;0;0;-50;-5;0;0;0;-55;46;4;50;-18;0;33;0
COOPERATIVA DE CRÉDITO RURAL COM INTERAÇÃO SOLIDÁRIA DE SERRA GERAL - CRESOL SERRA GERAL;5533128;;;;b3S;2;9;CACULE;BA;06/2016;98;0;3;0;0;0;101;-23;-10;0;0;-7;-40;60;6;0;-16;-33;0;0;0;-5;-49;12;-7;5;0;0;5;0
COOPERATIVA DE ECONOMIA E CREDITO MUTUO DOS EMPREGADOS DA FABRIMAR S.A. INDUSTRIA E COMERCIO LTDA;42240382;;;;b3S;2;9;RIO DE JANEIRO;RJ;06/2016;74;0;26;0;0;0;100;0;0;0;0;3;3;103;0;0;0;-60;0;0;25;0;-36;67;0;67;0;0;67;-46
ICATU DISTRIBUIDORA DE TÍTULOS E VALORES MOBILIÁRIOS LTDA.;3282508;;;83735;n2;2;16;RIO DE JANEIRO;RJ;06/2016;0;0;98;0;0;0;98;0;0;0;0;0;0;98;2.400;0;-273;-2.093;-187;0;1;-25;-176;-79;0;-79;0;-39;-118;0
VORTX DISTRIBUIDORA DE TITULOS E VALORES MOBILIARIOS LTDA.;22610500;;;84538;n2;2;16;SAO PAULO;SP;06/2016;0;0;96;0;0;0;96;0;0;0;0;0;0;96;224;0;0;-329;-24;0;0;0;-130;-33;0;-33;0;0;-33;0
COOPERATIVA DE ECONOMIA E CRÉDITO MÚTUO DOS FUNCIONÁRIOS DO GRUPO VOTORANTIM LIMITADA.;75174953;;;;b3S;2;9;RIO BRANCO DO SUL;PR;06/2016;95;0;0;0;0;0;95;0;0;0;0;0;0;95;0;0;-4;-81;0;0;0;0;-84;11;0;11;0;0;11;0
COOPERATIVA DE ECONOMIA E CRÉDITO MÚTUO DOS EMPREGADOS DA INDÚSTRIA DE PAPÉIS SUDESTE LTDA . - CREDESTE;18340695;;;;b3S;2;9;JUIZ DE FORA;MG;06/2016;95;0;0;0;0;0;95;0;0;0;0;0;0;95;0;0;-31;-50;0;0;0;0;-80;14;0;14;0;0;14;0
BANIF BANCO DE INVESTIMENTO (BRASIL) S.A.;33753740;BANIF;20255;80130;b2;3;13;SAO PAULO;SP;06/2016;0;0;94;0;0;0;94;-903;0;0;0;6;-897;-803;0;0;0;-484;-120;155;439;-137;-147;-950;61;-889;-707;0;-1.597;0
COOPERATIVA DE ECONOMIA E CRÉDITO MÚTUO DOS MILITARES E DEMAIS SERV. DOS ÓRGÃOS FEDERAIS E ESTADUAIS DA SEG.PÚBLICA, DA ADMINISTRAÇÃO, DO PLANEJ.E DOS ORGÃOS VINCULADOS DE MANAUS LTDA-MILICRED MANAUS;7950031;;;;b3S;2;9;MANAUS;AM;06/2016;82;0;10;0;0;0;92;0;0;0;0;-19;-19;74;47;0;-50;-79;0;0;0;1;-82;-8;-581;-589;0;0;-589;0
CM CAPITAL MARKETS DISTRIBUIDORA DE TÍTULOS E VALORES MOBILIÁRIOS LTDA;2671743;CM CAPITAL MARKETS;51248;80549;n2;3;16;SAO PAULO;SP;06/2016;0;0;92;0;0;0;92;0;0;0;0;0;0;92;284;0;-211;-179;-23;0;0;0;-129;-37;0;-37;0;0;-37;0
COOPERATIVA DE CRÉDITO DOS METALÚRGICOS DO ABC - CREDABC;5740092;;;;b3S;2;9;SAO BERNARDO DO CAMPO;SP;06/2016;92;0;0;0;0;0;92;-44;0;0;0;0;-44;47;0;0;0;-81;0;0;171;0;90;137;0;137;0;0;137;-58
COOPERATIVA DE ECONOMIA E CREDITO MUTUO DOS FUNCIONARIOS DA GKN DO BRASIL LTDA;5331882;;;;b3S;2;9;PORTO ALEGRE;RS;06/2016;90;0;1;0;0;0;91;0;0;0;0;0;1;91;0;0;-56;-29;0;0;0;0;-85;5;0;5;0;0;5;0
COOPERATIVA DE CRÉDITO DOS SERVIDORES DO MINISTÉRIO DA AGRICULTURA, PECUÁRIA E ABASTECIMENTO NA REGIÃO METROPOLITANA DE BELÉM;83347294;;;;b3S;2;9;BELEM;PA;06/2016;49;0;42;0;0;0;90;1;0;0;0;-2;-2;88;322;0;-307;-138;-6;0;114;-7;-23;65;0;65;-3;0;63;0
COOPERATIVA DE ECONOMIA E CRÉDITO MÚTUO DOS EMPREGADOS DAS EMPRESAS SOMART LTDA.;129753;;;;b3S;2;9;URUCANIA;MG;06/2016;70;0;20;0;0;0;89;0;0;0;0;-9;-9;80;0;0;-17;-31;0;0;0;0;-48;33;2;35;0;0;34;0
COOPERATIVA DE CRÉDITO RURAL ILHÉUS LTDA;16348005;;;;b3S;2;9;ILHEUS;BA;06/2016;77;0;11;0;0;0;89;-4;0;0;0;-2;-6;83;36;0;-59;-64;0;0;0;0;-87;-4;0;-4;0;0;-4;0
FRAM CAPITAL DISTRIBUIDORA DE TÍTULOS E VALORES MOBILIÁRIOS S.A.;13673855;;;84253;n2;2;16;SAO PAULO;SP;06/2016;0;0;85;0;0;0;85;0;0;0;0;0;0;85;238;0;-132;-327;-23;0;0;0;-243;-159;0;-159;0;0;-159;0
FLEX SOCIEDADE DE CRÉDITO AO MICROEMPREENDEDOR LTDA;7584094;;;83072;n1;2;10;BELO HORIZONTE;MG;06/2016;85;0;0;0;0;0;85;0;0;0;0;-45;-45;39;0;4;-52;-12;-4;0;0;0;-65;-26;0;-26;6;0;-20;0
PLANNER SOCIEDADE DE CRÉDITO AO MICROEMPREENDEDOR S.A.;5684234;PLANNER;51341;80587;n1;2;10;SAO PAULO;SP;06/2016;0;0;84;0;0;0;84;0;0;0;0;0;0;84;0;0;0;-57;-4;0;0;0;-61;22;0;22;-8;0;15;0
COOPERATIVA DE ECONOMIA E CREDITO MUTUO DOS EMPREGADOS NAS INDUSTRIAS QUIMICAS, FARMACEUTICAS E SIMILARES DA REGIAO METROPOLITANA DO RIO DE JANEIRO LTDA;5424088;;;;b3S;2;9;SAO GONCALO;RJ;06/2016;64;0;17;0;0;0;81;0;0;0;0;4;4;85;0;0;0;-39;0;0;0;0;-39;46;0;46;-3;0;42;0
COOPERATIVA DE CRÉDITO MÚTUO DOS FUNCIONÁRIOS DA FÁBRICA DE CIMENTO VOTORAN;45421856;;;;b3S;2;9;VOTORANTIM;SP;06/2016;79;0;0;0;0;0;79;0;0;0;0;5;5;84;0;0;-62;-69;0;0;8;-2;-125;-41;0;-41;0;0;-41;0
COOPERATIVA DE CRÉDITO RURAL NORTE DO ITAPICURU;5644916;;;;b3S;2;9;JAGUARARI;BA;06/2016;76;0;3;0;0;0;78;-5;-16;0;0;-24;-45;33;2;15;-30;-40;-2;0;0;-23;-77;-44;0;-45;0;0;-45;0
COOPERATIVA DE CRÉDITO MÚTUO DOS EMPREGADOS NA CAIXA ECONÔMICA FEDERAL NO ESTADO DE SÃO PAULO - APCEFCREDI-SP;7814673;;;;b3S;2;9;SAO PAULO;SP;06/2016;57;0;20;0;0;0;78;1;0;0;0;-10;-10;68;0;0;-38;-56;1;0;0;0;-94;-26;0;-26;0;0;-26;-14
COOPERATIVA DE CRÉDITO RURAL COM INTERAÇÃO SOLIDÁRIA DO PAJEÚ - CRESOL PAJEÚ;5094985;;;;b3S;2;9;TABIRA;PE;06/2016;70;0;6;0;0;0;76;-14;-3;0;0;-16;-33;43;4;2;-39;-26;0;0;1;-14;-72;-28;0;-28;0;0;-28;0
COOPERATIVA DE ECONOMIA E CREDITO MUTUO DOS EMPREGADOS DO GRUPO JOSE NEFFA LTDA;29985421;;;;b3S;2;9;VITORIA;ES;06/2016;61;0;14;0;0;0;74;0;0;0;0;2;2;76;0;0;-25;-42;1;0;26;0;-41;35;0;35;-1;0;34;0
COOPERATIVA DE ECONOMIA E CRÉDITO MÚTUO DOS BANCÁRIOS DE JUIZ DE FORA LTDA. - COCBAN;4158581;;;;b3S;2;9;JUIZ DE FORA;MG;06/2016;74;0;0;0;0;0;74;-4;0;0;0;1;-4;70;0;0;1;-41;0;0;1;0;-42;29;0;29;0;0;29;0
COOPERATIVA DE ECONOMIA E CREDITO MUTUO DOS SERVIDORES DOS ORGAOS DO MINISTERIO DA SAUDE NO ESTADO DO RIO DE JANEIRO - CREDISAU;2966385;;;;b3S;2;9;RIO DE JANEIRO;RJ;06/2016;59;0;14;0;0;0;72;0;0;0;0;-28;-28;44;0;0;-64;-77;0;0;64;0;-77;-33;0;-33;0;0;-33;0
COOPERATIVA DE ECONOMIA E CRÉDITO MÚTUO DOS FUNCIONÁRIOS DO BANESPA DE BOTUCATU E CIDADES LIMÍTROFES;3219207;;;;b3S;2;9;BOTUCATU;SP;06/2016;70;0;1;0;0;0;71;0;0;0;0;0;0;71;0;0;0;-25;0;0;0;0;-25;47;0;47;0;0;46;0
COOPERATIVA DE ECONOMIA E CRÉDITO MÚTUO DOS EMPREGADOS DA ALCOA;1346674;;;;b3S;2;9;SANTO ANDRE;SP;06/2016;69;0;0;0;0;0;69;0;0;0;0;0;0;69;0;0;-55;-22;0;0;0;0;-77;-8;0;-8;0;0;-8;0
INTERMEDIUM DISTRIBUIDORA DE TÍTULOS E VALORES MOBILIÁRIOS LTDA.;18945670;INTERMEDIUM;51884;80996;n2;2;16;BELO HORIZONTE;MG;06/2016;0;0;68;0;0;0;68;0;0;0;0;0;0;68;328;0;-422;-305;-18;0;2;0;-416;-348;0;-348;145;0;-203;0
COOPERATIVA DE CRÉDITO RURAL COM INTERAÇÃO SOLIDÁRIA DE BOM CONSELHO - CRESOL BOM CONSELHO;8658915;;;;b3S;2;9;BOM CONSELHO;PE;06/2016;62;0;6;0;0;0;68;-6;-2;0;0;-31;-38;30;0;1;-5;-30;0;0;0;-10;-44;-14;0;-14;0;0;-14;0
COOPERATIVA DE CRÉDITO RURAL COM INTERAÇÃO SOLIDÁRIA TRIUNFO/FLORES - CRESOL TRIUNFO/FLORES;6036510;;;;b3S;2;9;FLORES;PE;06/2016;65;0;2;0;0;0;67;-7;-2;0;0;-14;-24;43;1;0;-5;-30;0;0;1;-4;-35;7;3;10;0;0;10;0
TORRES MENDES & MENDES SOCIEDADE DE CRÉDITO AO MICROEMPREENDEDOR E À EMPRESA DE PEQUENO PORTE LTDA.;18394228;;;83326;n1;2;10;JAU;SP;06/2016;64;0;2;0;0;0;66;0;0;0;0;-40;-40;26;0;2;-16;-16;-3;0;0;-7;-39;-12;0;-12;2;0;-11;0
COOPERATIVA DE ECONOMIA E CREDITO MUTUO DOS EMPREGADOS DO GRUPO USINA PAINEIRAS LTDA - CRED-PAN;27140946;;;;b3S;2;9;ITAPEMIRIM;ES;06/2016;66;0;0;0;0;0;66;0;0;0;0;16;16;82;0;0;-22;-36;0;0;134;1;75;157;0;157;0;0;157;0
COOPERJUS - COOPERATIVA DE ECONOMIA E CRÉDITO MÚTUO DOS SERVIDORES DO PODER JUDICIÁRIO FEDERAL E MINISTÉRIO PÚBLICO DA UNIÃO NO ESTADO DO PARÁ.;83332700;;;;b3S;2;9;BELEM;PA;06/2016;66;0;0;0;0;0;66;0;0;0;0;104;104;170;0;0;-89;-72;-19;0;0;-2;-182;-12;0;-12;0;0;-12;0
COOPERATIVA DE CRÉDITO RURAL COM INTERAÇÃO SOLIDÁRIA DO MATO GROSSO DO SUL - CRESOL MS;23256599;;;;b3S;2;9;GLORIA DE DOURADOS;MS;06/2016;36;0;30;0;0;0;65;-35;-15;0;0;-3;-53;13;2;7;-86;-73;0;0;0;-24;-173;-161;0;-161;0;0;-161;0
COOPERATIVA DE ECONOMIA E CREDITO MUTUO DOS FUNCIONARIOS DO GRUPO HELIO ALONSO-COOPERHA-LTDA;2786691;;;;b3S;2;9;RIO DE JANEIRO;RJ;06/2016;54;0;11;0;0;0;65;0;0;0;0;-5;-5;59;0;0;-21;-32;0;0;1;1;-53;6;0;6;1;0;5;0
COOPERATIVA DE CRÉDITO DE CAPITAL E EMPRÉSTIMO DOS EMPREGADOS CELETISTAS DE COOPERATIVAS DOS ESTADOS DE SÃO PAULO E MINAS GERAIS - COCREUNI;57987273;;;;b3S;2;9;ORLANDIA;SP;06/2016;54;0;8;0;0;0;62;0;0;0;0;0;0;62;0;0;-16;-23;0;0;5;0;-35;27;0;27;0;0;27;-18
COOPERATIVA DE CRÉDITO RURAL COM INTERAÇÃO SOLIDÁRIA DE OURICURI - CRESOL ARARIPE;8087331;;;;b3S;2;9;OURICURI;PE;06/2016;48;0;10;0;0;0;57;-9;-3;0;0;-9;-21;37;0;0;-3;-23;0;0;2;-31;-55;-19;0;-18;0;0;-18;0
COOPERATIVA DE ECONOMIA E CRÉDITO MÚTUO DOS BANCÁRIOS DO TRIÂNGULO LTDA.;1301541;;;;b3S;2;9;UBERLANDIA;MG;06/2016;22;0;34;0;0;0;57;-4;0;0;0;0;-5;52;36;0;-15;-42;-6;0;12;-5;-20;32;0;32;-10;0;22;0
COOPERATIVA DE ECONOMIA E CRÉDITO MÚTUO DOS EMPREGADOS DA FLAMMA AUTOMOTIVA LTDA.;59301762;;;;b3S;2;9;POUSO ALEGRE;MG;06/2016;54;0;0;0;0;0;54;0;0;0;0;13;13;67;0;0;-72;-21;1;0;0;0;-94;-27;0;-27;0;0;-27;0
COOPERATIVA DE ECONOMIA E CRÉDITO MÚTUO DOS TRABALHADORES DA COOPER STANDARD AUTOMOTIVE BRASIL SEALING LTDA. E FLUID SYSTEMS LTDA.;4464352;;;;b3S;2;9;VARGINHA;MG;06/2016;51;0;3;0;0;0;54;0;0;0;0;0;0;54;0;0;-22;-33;0;0;0;0;-56;-2;0;-2;0;0;-2;0
COOPERATIVA DE ECONOMIA E CRÉDITO MÚTUO DOS EMPREGADOS DA VALE FERTILIZANTES S/A - COCRESGO LTDA.;968834;;;;b3S;2;9;CATALAO;GO;06/2016;53;0;0;0;0;0;53;0;0;0;0;-11;-11;42;0;0;0;-52;0;0;0;0;-52;-10;0;-10;0;0;-10;0
FACILICRED SOCIEDADE DE CRÉDITO AO MICROEMPREENDEDOR LTDA;4849745;;;83041;n1;2;10;CURITIBA;PR;06/2016;52;0;0;0;0;0;52;0;0;0;0;-20;-20;32;0;7;-18;-12;-3;0;0;-1;-28;4;0;4;1;0;3;0
COOPERATIVA DE ECONOMIA E CRÉDITO MÚTUO DOS SERVIDORES DA UNIVERSIDADE FEDERAL FLUMINENSE E DOS SERVIDORES PÚBLICOS DA EDUCAÇÃO, SAÚDE E CULTURA NOS MUNICÍPIOS DO RIO DE JANEIRO E NITERÓI LTDA.;29283884;;;;b3S;2;9;NITEROI;RJ;06/2016;45;0;7;0;0;0;52;-21;1;0;0;-12;-34;18;688;0;-457;-188;-17;0;175;-10;192;210;-190;20;0;0;20;0
PBM - PICCHIONI - BELGO - MINEIRA DISTRIBUIDORA DE TÍTULOS E VALORES MOBILIÁRIOS S/A;17401944;H.H.PICCHIONI;30829;80226;n2;2;16;BELO HORIZONTE;MG;06/2016;0;0;52;0;0;0;52;0;0;0;0;0;0;52;0;0;-397;-168;-2;0;0;-6;-573;-522;0;-522;0;-5;-526;0
COOPERATIVA DE ECONOMIA E CRÉDITO MÚTUO DOS EMPREGADOS DAS EMPRESAS DE REDUTORES DE TRANSMISSÃO DO ESTADO DE SÃO PAULO - COOPER-PTI;62035456;;;;b3S;2;9;SAO PAULO;SP;06/2016;51;0;0;0;0;0;51;0;0;0;0;0;0;51;0;0;0;-46;0;0;16;0;-31;20;0;20;0;0;20;0
COOPERATIVA DE CRÉDITO RURAL DOS AGROPECUARISTAS DA REGIÃO DE PORTO FELIZ;50334234;;;;b3S;2;9;PORTO FELIZ;SP;06/2016;51;0;0;0;0;0;51;0;0;0;0;-54;-54;-4;0;0;-28;-33;0;0;0;0;-61;-65;0;-65;0;0;-65;0
COOPERATIVA DE CRÉDITO DE LIVRE ADMISSÃO DE PACAJÁ E REGIÃO - SICOOB TRANSAMAZÔNICA;24431221;;;;b3S;2;9;PACAJA;PA;06/2016;26;0;23;0;0;0;49;-6;-11;0;0;-8;-26;23;3;7;-173;-218;-3;0;96;-9;-297;-273;0;-273;0;0;-273;0
COOPERATIVA DE ECONOMIA E CRÉDITO MÚTUO DOS TRABALHADORES NAS INDÚSTRIAS METALÚRGICAS, MECÂNICA E MATERIAL ELÉTRICO DE SÃO LEOPOLDO E REGIÃO - COOPERMETAL;10719496;;;;b3S;2;9;SAO LEOPOLDO;RS;06/2016;49;0;0;0;0;0;49;-7;0;0;0;-8;-14;35;0;0;-22;-27;0;0;10;0;-39;-5;0;-5;0;0;-5;0
COOPERATIVA DE ECONOMIA E CRÉDITO MÚTUO DOS SERVIDORES DA PREFEITURA MUNICIPAL DE VOTORANTIM;52137361;;;;b3S;2;9;VOTORANTIM;SP;06/2016;48;0;0;0;0;0;48;0;0;0;0;-6;-6;43;0;0;-33;-34;0;0;0;-2;-70;-27;0;-27;0;0;-27;0
COOPERATIVA DE ECONOMIA E CREDITO MUTUO DOS FUNCIONARIOS DO GRUPO PROGRESSO LTDA - PROCRED;2931166;;;;b3S;2;9;TRES RIOS;RJ;06/2016;46;0;0;0;0;0;46;0;0;0;0;5;5;51;0;0;-13;-27;0;0;0;0;-40;11;0;11;0;0;11;0
COOPERATIVA DE CRÉDITO RURAL COM INTERAÇÃO SOLIDÁRIA DE PETROLINA   CRESOL PETROLINA;5413161;;;;b3S;2;9;PETROLINA;PE;06/2016;43;0;1;0;0;0;44;-3;-7;0;0;-4;-13;31;8;1;-10;-16;0;0;0;-10;-28;3;-8;-5;0;0;-5;0
LECCA DISTRIBUIDORA DE TITULOS E VALORES MOBILIARIOS LTDA;7138049;LECCA;51523;80680;n2;2;16;RIO DE JANEIRO;RJ;06/2016;0;0;40;0;0;0;40;0;0;0;0;0;0;40;163;0;0;-123;-17;0;0;-16;6;47;0;47;-16;0;30;0
COOPSERJ - COOPERATIVA DE CRÉDITO MÚTUO DOS SERVIDORES PÚBLICOS DO PODER EXECUTIVO DO ESTADO DO RIO DE JANEIRO LTDA.;2723075;;;;b3S;2;9;RIO DE JANEIRO;RJ;06/2016;40;0;0;0;0;0;40;1;0;0;0;26;25;65;2;0;-202;-307;1;0;673;0;166;232;9;241;0;0;241;0
COOPERATIVA DE ECONOMIA E CRÉDITO MÚTUO DOS BANCÁRIOS DE BELO HORIZONTE E REGIÃO METROPOLITANA LTDA. - COOPEB;71502181;;;;b3S;2;9;BELO HORIZONTE;MG;06/2016;40;0;0;0;0;0;40;0;0;0;0;1;1;39;21;0;-24;-23;0;0;0;0;-26;13;0;13;1;0;12;-13
COOPERATIVA DE CRÉDITO RURAL COM INTERAÇÃO SOLIDÁRIA DO SERTÃO CENTRAL DO CEARÁ - CRESOL SERTÃO CENTRAL;8197413;;;;b3S;2;9;QUIXADA;CE;06/2016;36;0;4;0;0;0;40;-4;-6;0;0;-1;-11;29;0;0;-2;-30;0;0;0;-8;-40;-11;-12;-23;0;0;-23;0
COOPERATIVA DE ECONOMIA E CRÉDITO MÚTUO DOS EMPREGADOS DA BORCOL;73156218;;;;b3S;2;9;SOROCABA;SP;06/2016;27;0;11;0;0;0;37;0;0;0;0;-207;-208;-170;0;0;-23;-18;0;0;2;0;-39;-210;0;-210;0;-3;-213;0
FINACRED - SOCIEDADE DE CREDITO AO MICROEMPREENDEDOR LTDA.;4275302;;;83144;n1;2;10;SAO PAULO;SP;06/2016;6;0;30;0;0;0;36;0;0;0;0;9;9;45;0;0;0;-45;-2;0;0;0;-46;-1;0;-1;0;0;-1;0
COOPERATIVA DE ECONOMIA E CREDITO MUTUO DOS EMPREGADOS DA TEADIT E OUTRAS EMPRESAS ASSOCIADAS LTDA;27669753;;;;b3S;2;9;RIO DE JANEIRO;RJ;06/2016;34;0;2;0;0;0;35;0;0;0;0;5;4;40;0;0;-20;-18;0;0;4;-1;-35;5;0;5;0;0;5;0
FINCRED - SOCIEDADE DE CRÉDITO AO MICROEMPREENDEDOR LTDA;5147693;;;83168;n1;2;10;LONDRINA;PR;06/2016;35;0;0;0;0;0;35;0;0;0;0;-18;-18;17;2;0;-8;-28;-2;0;0;0;-37;-19;0;-19;0;0;-19;0
COOPERATIVA DE CRÉDITO MÚTUO DOS EMPREGADOS DO CENTRO UNIVERSITÁRIO NEWTON PAIVA LTDA. - CREDIPAIVA;20833992;;;;b3S;2;9;BELO HORIZONTE;MG;06/2016;34;0;0;0;0;0;34;0;0;0;0;-7;-7;28;0;0;-44;-86;0;0;123;-7;-13;15;-3;12;0;0;12;0
COOPERATIVA DE ECONOMIA E CRÉDITO MÚTUO DOS BANCÁRIOS DE SOROCABA E REGIÃO;71491609;;;;b3S;2;9;SOROCABA;SP;06/2016;20;0;13;0;0;0;33;0;0;0;0;0;0;33;0;0;0;-16;0;0;0;1;-17;16;0;16;0;0;16;0
COOPERATIVA DE ECONOMIA E CREDITO MUTUO DOS FUNCIONARIOS DA EVANIL - COOFE;2825208;;;;b3S;2;9;NOVA IGUACU;RJ;06/2016;33;0;0;0;0;0;33;0;0;0;0;-7;-7;26;0;0;-31;-22;0;0;1;0;-52;-26;0;-26;0;0;-26;0
SEALANDAIR CORRETORA DE CÂMBIO LTDA.;21148439;;;84466;n2;2;21;PORTO ALEGRE;RS;06/2016;0;0;2;0;30;0;31;0;0;0;0;0;0;31;0;0;-17;-53;-1;0;0;0;-72;-40;0;-40;0;0;-40;0
SCB CRÉDITO SOCIEDADE DE CRÉDITO AO MICROEMPREENDEDOR E À EMPRESA DE PEQUENO PORTE LIMITADA;8430732;;;83230;n1;2;10;SOROCABA;SP;06/2016;30;0;0;0;0;0;30;0;0;0;0;-15;-15;15;0;1;0;-12;-2;0;0;0;-13;3;0;3;-4;0;-2;0
COOPERATIVA DE CRÉDITO DE SERVIDORES DA UESC - UESCOOP;10548608;;;;b3S;2;9;ILHEUS;BA;06/2016;24;0;1;0;0;0;25;0;0;0;0;2;2;27;0;0;0;-12;0;0;0;0;-12;15;0;15;0;0;15;0
COOPERATIVA DE CRÉDITO RURAL DE ECONOMIA SOLIDÁRIA DE CODAJÁS - CODCRED;17015842;;;;b3S;2;9;CODAJAS;AM;06/2016;20;0;4;0;0;0;23;-8;0;0;0;-1;-10;14;0;9;-14;-20;-1;0;7;1;-20;-6;0;-6;-2;0;-8;0
DOURADA - SOCIEDADE DE CRÉDITO AO MICROEMPREENDEDOR E À EMPRESA DE PEQUENO PORTE LTDA;11545653;;;83302;n1;2;10;LAGOA DOURADA;MG;06/2016;15;0;8;0;0;0;23;0;0;0;0;1;1;24;0;0;0;-13;-1;0;0;0;-14;11;0;11;-3;0;8;0
AVIPAM CORRETORA DE CAMBIO LTDA;3443143;;;82042;n2;2;21;RIO DE JANEIRO;RJ;06/2016;0;0;21;0;1;0;22;0;0;0;0;0;0;22;0;0;0;-31;-1;0;0;0;-32;-10;0;-10;0;0;-10;0
NGO ASSOCIADOS CORRETORA DE CÂMBIO LTDA.;65635377;;;82152;n2;2;21;SAO PAULO;SP;06/2016;0;0;22;0;0;0;22;0;0;0;0;-4;-4;18;1.336;0;-743;-329;-130;0;0;0;134;152;0;152;-68;0;83;0
MONETAR DISTRIBUIDORA DE TÍTULOS E VALORES MOBILIÁRIOS LTDA.;12063256;;;84246;n2;2;16;RIO DE JANEIRO;RJ;06/2016;0;0;21;0;0;0;21;0;0;0;0;0;0;21;50;0;-62;-162;-5;0;1;0;-178;-157;0;-157;0;-16;-173;0
COOPERATIVA DE ECONOMIA E CREDITO MUTUO DOS EMPREGADOS DO GRUPO BEZERRA DE MELLO LTDA;33916883;;;;b3S;2;9;RIO DE JANEIRO;RJ;06/2016;21;0;0;0;0;0;21;0;0;0;0;0;0;21;0;0;-24;-16;0;0;17;0;-23;-2;0;-2;0;0;-2;0
COOPERATIVA DE ECONOMIA E CREDITO MUTUO DOS EMPREGADOS IND.ALIMENTACAO REG.GRDE.VITORIA EST.ES-CREDI-ALIMENTO;3973743;;;;b3S;2;9;VITORIA;ES;06/2016;19;0;0;0;0;0;19;-1;-1;0;0;2;0;19;0;0;-22;-39;0;0;8;0;-54;-35;0;-35;0;0;-35;0
FIDÚCIA SOCIEDADE DE CRÉDITO AO MICROEMPREENDEDOR E À EMPRESA DE PEQUENO PORTE LIMITADA.;4307598;;;83010;n1;2;10;BELO HORIZONTE;MG;06/2016;14;0;4;0;0;0;18;0;0;0;0;-19;-19;1;0;0;-2;-4;-1;0;0;0;-8;-8;-9;-17;-3;0;-20;0
SIMPLIFIC PAVARINI DISTRIBUIDORA DE TÍTULOS E VALORES MOBILIÁRIOS LTDA;15227994;;;83766;n2;2;16;RIO DE JANEIRO;RJ;06/2016;0;0;18;0;0;0;18;0;0;0;0;0;0;18;1.420;0;-535;-547;-136;0;32;-66;167;185;1;185;-80;0;105;0
BNS SOCIEDADE DE CRÉDITO AO MICROEMPREENDEDOR LTDA.;7835244;;;83096;n1;2;10;JACUTINGA;MG;06/2016;0;0;18;0;0;0;18;0;0;0;0;0;0;18;0;0;0;-21;1;0;2;0;-20;-2;0;-2;0;0;-2;0
ÍCARO CORRETORA DE CÂMBIO LTDA;72556996;;;82190;n2;2;21;CURITIBA;PR;06/2016;0;0;17;0;0;0;17;0;0;0;0;0;0;17;201;0;-73;-40;-20;0;0;0;69;85;0;85;-30;0;56;0
INCENTIVO S.A. DISTRIBUIDORA DE TÍTULOS E VALORES MOBILIÁRIOS;61757423;;;84071;n2;2;16;SAO PAULO;SP;06/2016;0;0;14;0;0;0;14;0;0;0;0;0;0;14;450;0;-53;-439;-46;0;44;-17;-60;-46;0;-46;0;0;-46;0
ALPES CORRETORA DE CÂMBIO, TITULOS E VALORES MOBILIÁRIOS LTDA;3882245;;;82482;n2;2;15;SAO PAULO;SP;06/2016;0;0;14;0;0;0;14;0;0;0;0;-497;-497;-483;207;0;-1.243;-2.074;-31;0;230;-383;-3.293;-3.777;2.748;-1.029;0;0;-1.029;0
COOPERATIVA DE ECONOMIA E CRÉDITO MÚTUO DOS ADVOGADOS, BACHARÉIS EM DIREITO E SERVENTUÁRIOS OPERADORES DO DIREITO DA REGIÃO METROPOLITANA DE MANAUS - COOPJUR;21699388;;;;b3S;2;9;MANAUS;AM;06/2016;9;0;2;0;0;0;12;-5;0;0;0;-4;-10;2;0;0;-57;-13;0;0;0;-1;-71;-69;0;-69;0;0;-69;0
HAITONG DO BRASIL DISTRIBUIDORA DE TÍTULOS E VALORES MOBILIÁRIOS S.A.;11406965;HAITONG;51482;80666;n2;3;16;SAO PAULO;SP;06/2016;0;0;11;0;0;0;11;0;0;0;0;0;0;11;0;0;-734;-2.371;-1;0;20;-15;-3.102;-3.091;57;-3.034;0;0;-3.034;0
CHLOE DISTRIBUIDORA DE TÍTULOS E VALORES MOBILIÁRIOS LTDA.;16657210;;;84318;n2;2;16;BELO HORIZONTE;MG;06/2016;0;0;6;0;0;0;6;0;0;0;0;0;0;6;0;0;-2;-60;0;0;54;-140;-148;-141;0;-141;0;0;-141;0
RJI CORRETORA DE TITULOS E VALORES MOBILIARIOS LTDA;42066258;;;82798;n2;2;15;SALVADOR;BA;06/2016;0;0;5;0;0;0;5;0;0;0;0;0;0;5;4;0;-9;-255;-3;0;0;-5;-267;-261;0;-262;0;0;-262;0
FIDUCIAL DISTRIBUIDORA DE TÍTULOS E VALORES MOBILIÁRIOS LTDA.;10280601;;;84198;n2;2;16;BELO HORIZONTE;MG;06/2016;0;0;4;0;0;0;4;0;0;0;0;0;0;4;510;0;-116;-222;-52;0;0;0;120;125;0;125;-10;0;115;0
FFA SOCIEDADE DE CRÉDITO AO MICROEMPREENDEDOR E À EMPRESA DE PEQUENO PORTE LTDA.;24537861;;;84569;n1;2;10;SAO PAULO;SP;06/2016;3;0;0;0;0;0;3;0;0;0;0;0;0;3;2;0;0;-107;0;0;0;0;-105;-102;0;-102;0;0;-102;0
INTRADER DISTRIBUIDORA DE TÍTULOS E VALORES MOBILIÁRIOS LTDA;15489568;;;84301;n2;2;16;SAO PAULO;SP;06/2016;0;0;1;0;0;0;1;0;0;0;0;0;0;1;639;0;-9;-598;-43;0;19;0;8;8;0;8;0;0;8;0
CORRETORA AMAZONENSE DE CAMBIO LTDA.;4623781;;;82059;n2;2;21;MANAUS;AM;06/2016;0;0;0;0;0;0;0;0;0;0;0;0;0;0;227;0;-83;-129;-21;0;0;0;-5;-4;0;-4;0;0;-4;0
FID SOCIEDADE DE CRÉDITO AO MICROEMPREENDEDOR E À EMPRESA DE PEQUENO PORTE LTDA;4986548;;;83151;n1;2;10;RECIFE;PE;06/2016;0;0;0;0;0;0;0;0;0;0;0;0;0;0;0;0;-7;-22;0;0;0;0;-29;-29;0;-29;0;0;-29;0
ICLA TRUST DISTRIBUIDORA DE TÍTULOS E VALORES MOBILIÁRIOS S.A.;10274584;NSG CAPITAL;51640;80752;n2;2;16;RIO DE JANEIRO;RJ;06/2016;0;0;0;0;0;0;0;0;0;0;0;-820;-820;-820;4.810;0;-980;-2.960;-457;0;66;-3.451;-2.973;-3.793;0;-3.793;0;0;-3.793;0
BALUARTE S.A. CORRETORA DE CAMBIO;61688131;;;82145;n2;2;21;SAO PAULO;SP;06/2016;0;0;0;0;0;0;0;0;0;0;0;0;0;0;521;0;-422;-279;-50;0;0;-4;-234;-234;-1.865;-2.098;0;0;-2.098;0
FOCO DISTRIBUIDORA DE TÍTULOS E VALORES MOBILIÁRIOS LTDA.;329598;;;83924;n2;2;16;SAO PAULO;SP;06/2016;0;0;0;0;0;0;0;0;0;0;0;0;0;0;2.660;0;-613;-1.499;-200;0;0;0;348;348;0;348;-59;0;290;0
MACRO CORRETORA DE CAMBIO E VALORES MOBILIARIOS LTDA;15219389;;;82729;n2;2;15;SALVADOR;BA;06/2016;0;0;0;0;0;0;0;0;0;0;-105;0;-105;-105;165;0;-96;-48;-8;0;0;0;13;-93;0;-93;-6;0;-98;0
POSITIVA CORRETORA DE CÂMBIO, TÍTULOS E VALORES MOBILIÁRIOS S.A.;40161713;NSG CAPITAL;51640;80752;n2;2;15;RIO DE JANEIRO;RJ;06/2016;0;0;0;0;0;0;0;0;0;0;0;1;1;1;1.498;0;-302;-596;-113;-5.288;7;-204;-4.998;-4.998;0;-4.998;-134;0;-5.132;0
NUMBER ONE SOCIEDADE CORRETORA DE CAMBIO LTDA.;68742204;;;81988;n2;2;21;RIO DE JANEIRO;RJ;06/2016;0;0;0;0;0;0;0;0;0;0;0;0;0;0;3.211;21;-2.348;-866;-313;0;17;0;-278;-278;0;-278;0;0;-278;0
ESCRITORIO RUY LAGE SOCIEDADE CORRETORA DE TITULOS LTDA;17305319;;;82509;n2;2;15;BELO HORIZONTE;MG;06/2016;0;0;-79;0;0;0;-79;0;0;0;0;0;0;-79;0;0;-456;-235;-2;0;0;-28;-721;-800;-3;-802;-30;0;-832;0
COIN-DISTRIBUIDORA DE TITULOS E VALORES MOBILIARIOS LTDA;61384004;COINVALORES;51561;80707;n2;2;16;SAO PAULO;SP;06/2016;0;0;120;-382;0;0;-262;0;0;0;0;0;0;-262;817;0;-428;-445;-59;0;0;-13;-127;-389;0;-389;0;0;-389;0
NOVINVEST CORRETORA DE VALORES MOBILIARIOS LTDA.;43060029;;;82808;n2;2;15;SAO PAULO;SP;06/2016;0;0;-1.353;0;0;0;-1.353;0;0;0;0;0;0;-1.353;653;0;-1.512;-3.392;-126;0;0;0;-4.377;-5.731;-139;-5.870;0;0;-5.870;0
BANIF - BANCO INTERNACIONAL DO FUNCHAL (BRASIL), S.A.;33884941;BANIF;20255;80130;b1;3;8;SAO PAULO;SP;06/2016;134;0;-7.023;5.128;0;0;-1.761;-39.696;0;0;-4.704;43.360;-1.040;-2.801;2.643;217;-12.219;-11.915;0;-1.526;4.652;-15.598;-33.746;-36.547;-187;-36.734;-2.181;0;-38.915;0
CGD INVESTIMENTOS CORRETORA DE VALORES E CÂMBIO S.A.;7554076;CAIXA GERAL;51815;80927;n2;3;15;SAO PAULO;SP;06/2016;0;0;3.949;-6.963;0;0;-3.014;0;0;0;0;0;0;-3.014;1;0;-783;-6.042;-1.069;0;14.206;-2.402;3.912;898;9;906;0;0;906;0
TULLETT PREBON BRASIL S.A. CORRETORA DE VALORES E CAMBIO;61747085;;;82619;n2;2;15;SAO PAULO;SP;06/2016;0;0;5.879;-9.804;0;0;-3.924;0;0;0;0;0;0;-3.924;17.425;12;-12.967;-8.001;-1.996;0;641;-255;-5.142;-9.066;0;-9.066;4.201;-274;-5.139;0
BANCO KDB DO BRASIL S.A.;7656500;;;81603;b1;3;8;SAO PAULO;SP;06/2016;1.772;0;156.636;-163.160;190;0;-4.563;-1.444;-4.285;0;0;1;-5.728;-10.291;404;1;-4.425;-2.857;-5.498;0;165.591;-37.517;115.698;105.407;10;105.417;-23.100;-106;82.211;0
BANCO DE LA PROVINCIA DE BUENOS AIRES;44189447;;;81263;b1;3;28;SAO PAULO;SP;06/2016;2.742;0;8.372;-16.889;0;0;-5.774;-65;-1.264;0;-8.959;-125;-10.413;-16.188;1;0;-1.946;-1.693;-262;0;15.361;0;11.461;-4.727;0;-4.727;0;0;-4.727;0
BANCO BPN BRASIL S.A.;61033106;;;81490;b1;3;2;SAO PAULO;SP;06/2016;10.161;0;5.745;-24.786;122;0;-8.759;-5.493;-3.200;0;0;-1.395;-10.089;-18.847;238;202;-4.363;-5.511;-158;0;23.972;-6.232;8.148;-10.699;-126;-10.825;0;0;-10.825;0
SCOTIABANK BRASIL S.A. BANCO MÚLTIPLO;29030467;;;81452;b1;3;8;SAO PAULO;SP;06/2016;27.361;0;119.498;-172.522;0;0;-25.662;-38.242;-7.387;0;-109.332;-3.248;-158.209;-183.871;5.338;0;-23.215;-11.203;-3.698;0;261.462;-8.940;219.743;35.872;-1;35.871;-16.287;0;19.584;0
BANCO CAIXA GERAL - BRASIL S.A.;33466988;CAIXA GERAL;51815;80927;b1;3;8;SAO PAULO;SP;06/2016;53.680;0;76.287;-157.487;0;0;-27.519;-46.982;-16.476;0;-18.903;-5.388;-87.749;-115.268;9.055;49;-15.225;-10.402;-2.717;1.226;155.354;-5.262;132.078;16.810;0;16.810;-7.359;0;9.451;0
BANCO DA CHINA BRASIL S.A.;10690848;;;81816;b1;3;8;SAO PAULO;SP;06/2016;34.558;0;39.424;-113.318;0;0;-39.336;-21.034;-5.653;0;-43.022;-7.849;-77.559;-116.895;274;17;-9.543;-7.922;-957;0;131.487;0;113.356;-3.539;0;-3.539;-6.780;0;-10.320;0
BB-BANCO DE INVESTIMENTO S/A;24933830;BB;49906;80329;b2;1;13;BRASILIA;DF;06/2016;0;0;-28.686;-20.401;0;0;-49.087;-212.846;0;0;0;-7.292;-220.139;-269.226;338.021;24.556;-27.903;-81.599;-22.022;571.309;85.699;-17.491;870.570;601.344;-416;600.928;-16.557;0;584.370;0
CITIBANK N.A.;33042953;CITIBANK;30403;80192;b1;3;28;SAO PAULO;SP;06/2016;963;0;259.340;-406.668;0;0;-146.365;0;-7.473;0;-2.855;0;-10.328;-156.694;45.265;0;-3.305;-16.889;-14.355;0;373.264;-13.830;370.149;213.455;1.820;215.275;-98.278;0;116.997;0
ING BANK N.V.;49336860;ING;51073;80501;b1;3;28;SAO PAULO;SP;06/2016;13.680;0;190.754;-479.976;0;0;-275.542;-67.801;-48.176;0;-610.770;-25.074;-751.822;-1.027.364;9.903;0;-20.203;-4.254;-3.779;0;1.380.424;-339.605;1.022.487;-4.877;33;-4.844;1.982;-850;-3.712;0
BANCO DE TOKYO-MITSUBISHI UFJ BRASIL S.A.;60498557;;;81713;b1;3;8;SAO PAULO;SP;06/2016;39.168;0;517.300;-956.276;34.071;0;-365.736;-104.118;-128.713;0;0;4.861;-227.970;-593.706;3.076;630;-63.237;-39.115;-14.199;0;911.952;-101.284;697.823;104.117;-808;103.309;-50.201;0;53.108;0
CHINA CONSTRUCTION BANK (BRASIL) BANCO MÚLTIPLO S/A;7450604;CCB;32119;80295;b1;3;8;SAO PAULO;SP;06/2016;363.087;0;352.348;-1.115.659;0;139;-400.085;-453.960;-157.748;0;-77.404;-247.484;-936.596;-1.336.682;21.248;3.080;-103.015;-62.719;-27.565;-56.152;1.254.957;-103.573;926.260;-410.422;619;-409.803;69.560;0;-340.243;0
BANCO TOYOTA DO BRASIL S.A.;3215790;;;81562;b2;3;8;SAO PAULO;SP;06/2016;362.805;29.725;64.808;-895.146;0;0;-437.808;-94.287;-38.973;-19.897;0;-22.050;-175.206;-613.014;0;19.510;-21.430;-56.390;-17.300;0;733.722;-14.502;643.610;30.596;-8.322;22.274;-8.801;-4.983;8.490;0
ITAÚ UNIBANCO HOLDING S.A.;60872504;ITAU;10069;80099;b1;2;8;SAO PAULO;SP;06/2016;0;0;2.831.191;-3.481.930;0;0;-650.739;0;0;0;0;0;0;-650.739;0;0;-92.235;-79.833;-91.071;6.234.126;2.584.771;-76.873;8.478.884;7.828.145;14.180;7.842.325;1.125.695;-29.743;8.938.277;-2.698.857
BANCO J.P. MORGAN S.A.;33172537;JP MORGAN CHASE;20107;80116;b1;3;8;SAO PAULO;SP;06/2016;68.109;0;1.944.145;-2.927.980;0;0;-915.726;-625.013;-42.885;0;-390.300;-2.684;-1.060.882;-1.976.607;154.222;305;-310.340;-102.667;-49.038;77.416;2.562.122;-23.267;2.308.754;332.146;-758;331.388;-104.830;-11.036;215.522;0
BANCO SOCIETE GENERALE BRASIL S.A.;61533584;SOCIETE GENERALE;31859;80264;b1;3;8;SAO PAULO;SP;06/2016;33.194;0;624.785;-1.968.062;0;0;-1.310.083;-104.710;-30.696;0;-218.267;-6.212;-359.885;-1.669.969;6.612;0;-32.920;-26.415;-6.994;-42.400;1.840.910;-66.031;1.672.763;2.795;23;2.817;-40.597;0;-37.779;0
AKRO DISTRIBUIDORA DE TÍTULOS E VALORES MOBILIÁRIOS S.A.;2678955;;;83931;n2;2;16;RIO DE JANEIRO;RJ;06/2016;NI;NI;NI;NI;NI;NI;NI;NI;NI;NI;NI;NI;NI;NI;NI;NI;NI;NI;NI;NI;NI;NI;NI;NI;NI;NI;NI;NI;NI;NI
COOPERATIVA DE CRÉDITO MÚTUO DOS MILITARES DA ATIVA E DA RESERVA REMUNERADA, REFORMADOS, PENSIONISTAS E EXPEDICIONÁRIOS DAS FORÇAS ARMADAS - BS;5742404;;;;b3S;2;9;SAO VICENTE;SP;06/2016;NI;NI;NI;NI;NI;NI;NI;NI;NI;NI;NI;NI;NI;NI;NI;NI;NI;NI;NI;NI;NI;NI;NI;NI;NI;NI;NI;NI;NI;NI
COOPERATIVA DE CRÉDITO SOLIDÁRIO DA AGRICULTURA FAMILIAR DO OESTE POTIGUAR - CREDIOESTE-SOL;8418804;;;;b3S;2;9;APODI;RN;06/2016;NI;NI;NI;NI;NI;NI;NI;NI;NI;NI;NI;NI;NI;NI;NI;NI;NI;NI;NI;NI;NI;NI;NI;NI;NI;NI;NI;NI;NI;NI
TRADICAO S/A CREDITO IMOBILIARIO;15213192;;;83405;n1;2;31;RIO DE JANEIRO;RJ;06/2016;NI;NI;NI;NI;NI;NI;NI;NI;NI;NI;NI;NI;NI;NI;NI;NI;NI;NI;NI;NI;NI;NI;NI;NI;NI;NI;NI;NI;NI;NI
MUTUAL APETRIM CREDITO IMOBILIARIO S/A;18941229;;;83412;n1;2;31;BELO HORIZONTE;MG;06/2016;NI;NI;NI;NI;NI;NI;NI;NI;NI;NI;NI;NI;NI;NI;NI;NI;NI;NI;NI;NI;NI;NI;NI;NI;NI;NI;NI;NI;NI;NI
KRAUS - SOCIEDADE CORRETORA DE CÂMBIO LTDA.;34266668;;;81933;n2;2;21;RIO DE JANEIRO;RJ;06/2016;NI;NI;NI;NI;NI;NI;NI;NI;NI;NI;NI;NI;NI;NI;NI;NI;NI;NI;NI;NI;NI;NI;NI;NI;NI;NI;NI;NI;NI;NI
RENOVA S.A. CORRETORA DE CÂMBIO;72760713;;;82200;n2;2;21;SAO PAULO;SP;06/2016;NI;NI;NI;NI;NI;NI;NI;NI;NI;NI;NI;NI;NI;NI;NI;NI;NI;NI;NI;NI;NI;NI;NI;NI;NI;NI;NI;NI;NI;NI
TCB - Tipo de Consolidado Bancário
b1 - Banco Comercial, Banco Múltiplo com Carteira Comercial ou Caixa Econômica;;;;;;;;;;;196.196.322;630.628;188.755.351;6.471.397;14.656.373;20.119.618;426.829.688;-265.519.872;-18.488.231;-539.866;-5.550.248;-51.017.155;-341.115.372;85.714.316;31.901.070;17.281.028;-43.645.594;-41.298.928;-13.703.220;-12.398.609;114.905.906;-65.025.625;-11.983.972;73.730.344;875.100;74.605.444;-26.993.836;-5.810.055;41.801.552;-10.296.581;
b1 - Banco Comercial, Banco Múltiplo com Carteira Comercial ou Caixa Econômica;;;;;;;;;;;75,67%;8,87%;78,44%;71,76%;96,14%;99,15%;77,38%;0,00%;0,00%;0,00%;0,00%;0,00%;0,00%;75,79%;80,84%;83,02%;0,00%;0,00%;0,00%;0,00%;86,37%;0,00%;0,00%;84,85%;87,66%;84,88%;0,00%;0,00%;86,70%;0,00%;
b2 - Banco Múltiplo sem Carteira Comercial ou Banco de Investimento ou Banco de Câmbio;;;;;;;;;;;15.943.754;2.954.662;4.703.835;-3.392.310;190.107;118.515;20.518.563;-9.450.514;-2.238.176;-2.803.278;-126.967;-5.177.625;-19.796.560;722.002;2.811.406;1.518.398;-886.410;-4.504.778;-881.617;1.777.674;6.057.834;-3.738.688;2.153.820;2.875.823;125.093;3.000.916;-514.597;-34.158;2.452.161;-339.386;
b2 - Banco Múltiplo sem Carteira Comercial ou Banco de Investimento ou Banco de Câmbio;;;;;;;;;;;6,15%;41,54%;1,95%;-37,61%;1,25%;0,58%;3,72%;0,00%;0,00%;0,00%;0,00%;0,00%;0,00%;0,64%;7,12%;7,29%;0,00%;0,00%;0,00%;0,00%;4,55%;0,00%;0,00%;3,31%;12,53%;3,41%;0,00%;0,00%;5,09%;0,00%;
b3S - Cooperativa de Crédito Singulares;;;;;;;;;;;8.923.473;0;3.555.638;-400;0;1.836;12.480.547;-4.153.581;-745.115;0;0;-1.744.437;-6.643.133;5.837.413;848.235;522.950;-2.283.703;-1.965.119;-35.692;5.050;471.629;-831.391;-3.268.042;2.569.372;20.643;2.590.015;-81.123;-28.457;2.480.435;-265.238;
b3S - Cooperativa de Crédito Singulares;;;;;;;;;;;3,44%;0,00%;1,48%;0,00%;0,00%;0,01%;2,26%;0,00%;0,00%;0,00%;0,00%;0,00%;0,00%;5,16%;2,15%;2,51%;0,00%;0,00%;0,00%;0,00%;0,35%;0,00%;0,00%;2,96%;2,07%;2,95%;0,00%;0,00%;5,14%;0,00%;
b3C - Central e Confederação de Cooperativas de Crédito;;;;;;;;;;;120.074;0;3.302.929;0;0;10.040;3.433.044;-3.264.440;-46.660;0;0;-2.315;-3.313.416;119.628;16.163;55;-188.418;194.718;-910;38.944;215.092;-280.293;-4.649;114.979;3.747;118.726;-248;-1.120;117.358;-11.395;
b3C - Central e Confederação de Cooperativas de Crédito;;;;;;;;;;;0,05%;0,00%;1,37%;0,00%;0,00%;0,05%;0,62%;0,00%;0,00%;0,00%;0,00%;0,00%;0,00%;0,11%;0,04%;0,00%;0,00%;0,00%;0,00%;0,00%;0,16%;0,00%;0,00%;0,13%;0,38%;0,14%;0,00%;0,00%;0,24%;0,00%;
b4 - Banco de Desenvolvimento;;;;;;;;;;;22.110.173;0;12.444.155;3.033.320;0;0;37.587.648;-2.114.296;-19.247.828;0;-679;-4.497.912;-25.860.716;11.726.933;175.359;7.928;-712.332;-289.689;-434.848;-3.574.921;9.198.915;-14.572.787;-10.202.375;1.524.558;-4.875;1.519.682;-3.405.970;-203.369;-2.089.657;0;
b4 - Banco de Desenvolvimento;;;;;;;;;;;8,53%;0,00%;5,17%;33,63%;0,00%;0,00%;6,81%;0,00%;0,00%;0,00%;0,00%;0,00%;0,00%;10,37%;0,44%;0,04%;0,00%;0,00%;0,00%;0,00%;6,91%;0,00%;0,00%;1,75%;-0,49%;1,73%;0,00%;0,00%;-4,33%;0,00%;
n1 - Não Bancário de Crédito;;;;;;;;;;;15.955.844;3.528.021;26.078.504;2.919.884;0;41.094;48.523.346;-34.354.456;-263.200;-2.833.819;-1.229;-4.227.283;-41.679.987;6.843.360;786.369;922.673;-993.911;-2.854.477;-787.674;404.467;1.726.206;-2.589.247;-3.385.594;3.457.765;-23.323;3.434.443;-1.219.441;-75.261;2.139.741;-297.317;
n1 - Não Bancário de Crédito;;;;;;;;;;;6,15%;49,60%;10,84%;32,38%;0,00%;0,20%;8,80%;0,00%;0,00%;0,00%;0,00%;0,00%;0,00%;6,05%;1,99%;4,43%;0,00%;0,00%;0,00%;0,00%;1,30%;0,00%;0,00%;3,98%;-2,34%;3,91%;0,00%;0,00%;4,44%;0,00%;
n2 - Não Bancário de Mercado de Capitais;;;;;;;;;;;16.798;0;1.804.311;-13.233;398.946;-11;2.206.810;-40.214;-33.296;0;-1.070;-4.129;-78.709;2.128.101;2.925.053;562.006;-1.191.345;-1.545.923;-408.940;22.848;460.746;-332.634;491.811;2.619.912;1.895;2.621.807;-1.096.294;-212.369;1.313.145;-57.144;
n2 - Não Bancário de Mercado de Capitais;;;;;;;;;;;0,01%;0,00%;0,75%;-0,15%;2,62%;0,00%;0,40%;0,00%;0,00%;0,00%;0,00%;0,00%;0,00%;1,88%;7,41%;2,70%;0,00%;0,00%;0,00%;0,00%;0,35%;0,00%;0,00%;3,02%;0,19%;2,98%;0,00%;0,00%;2,72%;0,00%;
TC - Tipo de Controle
1 - Público;;;;;;;;;;;117.317.817;176.332;77.364.812;-6.970.356;319.156;9.971.781;198.179.543;-105.630.072;-31.246.896;-127.503;-1.332.409;-27.194.143;-165.531.022;32.648.520;15.984.963;7.023.675;-23.495.442;-14.720.258;-5.008.801;-2.661.623;41.172.788;-38.107.042;-19.811.740;12.836.781;-125.012;12.711.769;-4.659.873;-1.326.774;6.725.122;-2.947.732;
1 - Público;;;;;;;;;;;45,25%;2,48%;32,15%;-77,29%;2,09%;49,14%;35,93%;0,00%;0,00%;0,00%;0,00%;0,00%;0,00%;28,87%;40,51%;33,74%;0,00%;0,00%;0,00%;0,00%;30,95%;0,00%;0,00%;14,77%;-12,52%;14,46%;0,00%;0,00%;13,95%;0,00%;
2 - Privado Nacional;;;;;;;;;;;104.455.538;3.338.892;119.746.253;27.861.878;2.109.238;6.132.675;263.644.475;-158.909.603;-5.019.004;-3.134.971;-1.508.265;-28.722.827;-197.294.670;66.349.805;15.580.414;10.935.065;-17.865.723;-26.758.435;-7.626.991;-3.804.667;55.322.777;-31.289.145;-5.506.705;60.843.100;1.281.542;62.124.641;-20.475.627;-4.204.826;37.444.188;-7.606.105;
2 - Privado Nacional;;;;;;;;;;;40,29%;46,94%;49,76%;308,94%;13,84%;30,22%;47,80%;0,00%;0,00%;0,00%;0,00%;0,00%;0,00%;58,67%;39,48%;52,53%;0,00%;0,00%;0,00%;0,00%;41,58%;0,00%;0,00%;70,02%;128,37%;70,68%;0,00%;0,00%;77,66%;0,00%;
3 - Privado com Controle Estrangeiro;;;;;;;;;;;37.493.083;3.598.085;43.533.657;-11.872.865;12.817.032;4.186.635;89.755.628;-54.357.699;-4.796.605;-2.914.489;-2.839.520;-10.753.886;-75.662.199;14.093.429;7.898.279;2.856.298;-8.540.548;-10.785.502;-3.617.111;-7.258.257;36.540.763;-17.974.478;-880.557;13.212.872;-158.249;13.054.623;-8.176.008;-833.189;4.045.426;-713.224;
3 - Privado com Controle Estrangeiro;;;;;;;;;;;14,46%;50,58%;18,09%;-131,65%;84,07%;20,63%;16,27%;0,00%;0,00%;0,00%;0,00%;0,00%;0,00%;12,46%;20,01%;13,72%;0,00%;0,00%;0,00%;0,00%;27,47%;0,00%;0,00%;15,21%;-15,85%;14,85%;0,00%;0,00%;8,39%;0,00%;
TI - Tipo de Instituição
1 - Banco do Brasil - Banco Múltiplo;;;;;;;;;;;43.648.836;0;31.408.894;-5.142.620;265.641;2.837.649;73.018.400;-49.457.523;-2.422.671;0;0;-11.532.698;-63.412.892;9.605.508;4.734.961;3.760.081;-9.768.716;-7.260.624;-2.242.526;-227.641;21.567.152;-12.336.845;-1.774.157;7.831.351;-851;7.830.500;-2.453.340;-625.245;4.751.915;-1.411.218;
1 - Banco do Brasil - Banco Múltiplo;;;;;;;;;;;16,84%;0,00%;13,05%;-57,02%;1,74%;13,98%;13,24%;0,00%;0,00%;0,00%;0,00%;0,00%;0,00%;8,49%;12,00%;18,06%;0,00%;0,00%;0,00%;0,00%;16,21%;0,00%;0,00%;9,01%;-0,09%;8,91%;0,00%;0,00%;9,86%;0,00%;
2 - Banco Comercial;;;;;;;;;;;485.293;0;612.345;-59.081;30.905;0;1.069.461;-362.093;-169.474;0;-7.736;-62.358;-601.662;467.799;358.083;63.412;-357.165;-223.559;-66.777;1.766;571.729;-535.763;-188.275;279.524;46.722;326.246;-222.534;-4.125;99.587;-26.406;
2 - Banco Comercial;;;;;;;;;;;0,19%;0,00%;0,25%;-0,66%;0,20%;0,00%;0,19%;0,00%;0,00%;0,00%;0,00%;0,00%;0,00%;0,41%;0,91%;0,30%;0,00%;0,00%;0,00%;0,00%;0,43%;0,00%;0,00%;0,32%;4,68%;0,37%;0,00%;0,00%;0,21%;0,00%;
4 - BNDES;;;;;;;;;;;21.276.531;0;12.186.580;3.190.243;0;0;36.653.354;-2.060.791;-18.843.174;0;-417;-4.267.024;-25.171.406;11.481.949;141.499;0;-554.026;-229.360;-402.584;-3.574.921;8.995.325;-14.503.734;-10.127.800;1.354.149;-3.906;1.350.243;-3.321.488;-202.681;-2.173.927;0;
4 - BNDES;;;;;;;;;;;8,21%;0,00%;5,06%;35,37%;0,00%;0,00%;6,65%;0,00%;0,00%;0,00%;0,00%;0,00%;0,00%;10,15%;0,36%;0,00%;0,00%;0,00%;0,00%;0,00%;6,76%;0,00%;0,00%;1,56%;-0,39%;1,54%;0,00%;0,00%;-4,51%;0,00%;
5 - Banco de Desenvolvimento;;;;;;;;;;;833.641;0;257.575;-156.923;0;0;934.294;-53.506;-404.654;0;-263;-230.888;-689.310;244.984;33.860;7.928;-158.306;-60.329;-32.264;0;203.590;-69.053;-74.575;170.408;-969;169.439;-84.482;-688;84.270;0;
5 - Banco de Desenvolvimento;;;;;;;;;;;0,32%;0,00%;0,11%;-1,74%;0,00%;0,00%;0,17%;0,00%;0,00%;0,00%;0,00%;0,00%;0,00%;0,22%;0,09%;0,04%;0,00%;0,00%;0,00%;0,00%;0,15%;0,00%;0,00%;0,20%;-0,10%;0,19%;0,00%;0,00%;0,17%;0,00%;
6 - Caixa Econômica Federal;;;;;;;;;;;43.946.763;0;28.281.270;-7.762.951;0;6.526.308;70.991.390;-45.002.439;-8.240.139;0;-1.186.227;-10.067.359;-64.496.163;6.495.227;8.499.589;2.370.779;-10.057.680;-5.226.252;-1.739.182;424.923;7.738.038;-8.260.944;-6.250.728;244.499;-114.147;130.352;2.250.343;-388.849;1.991.846;-1.173.751;
6 - Caixa Econômica Federal;;;;;;;;;;;16,95%;0,00%;11,75%;-86,08%;0,00%;32,16%;12,87%;0,00%;0,00%;0,00%;0,00%;0,00%;0,00%;5,74%;21,54%;11,39%;0,00%;0,00%;0,00%;0,00%;5,82%;0,00%;0,00%;0,28%;-11,43%;0,15%;0,00%;0,00%;4,13%;0,00%;
7 - Caixa Econômica Estadual;;;;;;;;;;;0;0;0;0;0;0;0;0;0;0;0;0;0;0;0;0;0;0;0;0;0;0;0;0;0;0;0;0;0;0;
7 - Caixa Econômica Estadual;;;;;;;;;;;0,00%;0,00%;0,00%;0,00%;0,00%;0,00%;0,00%;0,00%;0,00%;0,00%;0,00%;0,00%;0,00%;0,00%;0,00%;0,00%;0,00%;0,00%;0,00%;0,00%;0,00%;0,00%;0,00%;0,00%;0,00%;0,00%;0,00%;0,00%;0,00%;0,00%;
8 - Banco Múltiplo;;;;;;;;;;;122.650.116;3.585.289;128.076.224;16.644.548;14.403.447;10.833.192;296.192.817;-173.985.911;-9.451.657;-3.343.144;-3.742.497;-34.304.490;-224.827.698;71.365.118;20.413.116;12.580.176;-23.975.799;-32.512.321;-10.366.195;-11.388.057;87.234.508;-46.680.646;-4.695.218;66.669.900;1.065.324;67.735.224;-26.608.576;-4.816.722;36.309.925;-8.001.041;
8 - Banco Múltiplo;;;;;;;;;;;47,31%;50,40%;53,22%;184,56%;94,48%;53,39%;53,70%;0,00%;0,00%;0,00%;0,00%;0,00%;0,00%;63,10%;51,73%;60,44%;0,00%;0,00%;0,00%;0,00%;65,57%;0,00%;0,00%;76,73%;106,72%;77,07%;0,00%;0,00%;75,31%;0,00%;
9 - Cooperativa de Crédito;;;;;;;;;;;9.043.548;0;6.858.567;-400;0;11.876;15.913.590;-7.418.022;-791.775;0;0;-1.746.752;-9.956.549;5.957.041;864.398;523.005;-2.472.121;-1.770.401;-36.602;43.994;686.721;-1.111.685;-3.272.691;2.684.350;24.390;2.708.741;-81.370;-29.577;2.597.793;-276.633;
9 - Cooperativa de Crédito;;;;;;;;;;;3,49%;0,00%;2,85%;0,00%;0,00%;0,06%;2,89%;0,00%;0,00%;0,00%;0,00%;0,00%;0,00%;5,27%;2,19%;2,51%;0,00%;0,00%;0,00%;0,00%;0,52%;0,00%;0,00%;3,09%;2,44%;3,08%;0,00%;0,00%;5,39%;0,00%;
10 - Sociedade de Crédito ao Microempreendedor;;;;;;;;;;;89.896;0;5.159;0;0;0;95.055;-1.034;-3.190;0;0;-22.574;-26.797;68.258;4.244;1.950;-27.425;-28.555;-4.790;0;741;-2.169;-56.004;12.254;192;12.446;-6.057;-422;5.966;-3.506;
10 - Sociedade de Crédito ao Microempreendedor;;;;;;;;;;;0,03%;0,00%;0,00%;0,00%;0,00%;0,00%;0,02%;0,00%;0,00%;0,00%;0,00%;0,00%;0,00%;0,06%;0,01%;0,01%;0,00%;0,00%;0,00%;0,00%;0,00%;0,00%;0,00%;0,01%;0,02%;0,01%;0,00%;0,00%;0,01%;0,00%;
11 - Banco Múltiplo Cooperativo;;;;;;;;;;;971.504;0;2.293.168;-6.628;28.912;33.386;3.320.342;-2.764.515;-101.509;0;0;-8.827;-2.874.850;445.492;219.890;87;-95.489;-231.045;-50.348;17.980;221.634;-317.173;-234.464;211.028;567;211.595;-86.799;-2.418;122.378;0;
11 - Banco Múltiplo Cooperativo;;;;;;;;;;;0,37%;0,00%;0,95%;-0,07%;0,19%;0,16%;0,60%;0,00%;0,00%;0,00%;0,00%;0,00%;0,00%;0,39%;0,56%;0,00%;0,00%;0,00%;0,00%;0,00%;0,17%;0,00%;0,00%;0,24%;0,06%;0,24%;0,00%;0,00%;0,25%;0,00%;
13 - Banco de Investimento;;;;;;;;;;;419.090;0;2.284.777;308.585;42.445;7.598;3.062.494;-3.317.853;-282.065;0;-117.815;-193.574;-3.911.306;-848.811;431.126;24.873;-235.654;-258.700;-92.502;550.094;1.776.989;-230.733;1.965.493;1.116.682;236;1.116.918;-267.300;-4.141;845.477;-23.551;
13 - Banco de Investimento;;;;;;;;;;;0,16%;0,00%;0,95%;3,42%;0,28%;0,04%;0,56%;0,00%;0,00%;0,00%;0,00%;0,00%;0,00%;-0,75%;1,09%;0,12%;0,00%;0,00%;0,00%;0,00%;1,34%;0,00%;0,00%;1,29%;0,02%;1,27%;0,00%;0,00%;1,75%;0,00%;
14 - Sociedade de Crédito, Financiamento e Investimento;;;;;;;;;;;15.076.649;0;803.784;-673.596;0;0;15.206.836;-6.029.439;-67.226;0;-1.229;-3.866.115;-9.964.008;5.242.828;721.952;909.823;-713.685;-2.563.671;-633.490;-1.868;1.328.054;-2.329.420;-3.282.305;1.960.523;-785;1.959.739;-837.588;-71.752;1.050.399;-85.610;
14 - Sociedade de Crédito, Financiamento e Investimento;;;;;;;;;;;5,82%;0,00%;0,33%;-7,47%;0,00%;0,00%;2,76%;0,00%;0,00%;0,00%;0,00%;0,00%;0,00%;4,64%;1,83%;4,37%;0,00%;0,00%;0,00%;0,00%;1,00%;0,00%;0,00%;2,26%;-0,08%;2,23%;0,00%;0,00%;2,18%;0,00%;
15 - Sociedade Corretora de TVM;;;;;;;;;;;16.166;0;1.150.988;-26.545;31.479;0;1.172.087;-21.567;-32.940;0;-282;-2.121;-56.910;1.115.177;1.382.737;332.135;-657.833;-912.059;-228.104;2.177;352.711;-173.911;97.854;1.213.031;2.508;1.215.538;-487.194;-124.030;604.315;-3.331;
15 - Sociedade Corretora de TVM;;;;;;;;;;;0,01%;0,00%;0,48%;-0,29%;0,21%;0,00%;0,21%;0,00%;0,00%;0,00%;0,00%;0,00%;0,00%;0,99%;3,50%;1,60%;0,00%;0,00%;0,00%;0,00%;0,27%;0,00%;0,00%;1,40%;0,25%;1,38%;0,00%;0,00%;1,25%;0,00%;
16 - Sociedade Distribuidora de TVM;;;;;;;;;;;632;0;646.387;2.715;78.025;-11;727.749;-18.647;-356;0;-788;-2.163;-21.953;705.796;1.436.705;229.357;-420.746;-409.637;-157.312;19.887;100.394;-115.793;682.855;1.388.651;2.610;1.391.260;-597.297;-88.260;705.704;-52.345;
16 - Sociedade Distribuidora de TVM;;;;;;;;;;;0,00%;0,00%;0,27%;0,03%;0,51%;0,00%;0,13%;0,00%;0,00%;0,00%;0,00%;0,00%;0,00%;0,62%;3,64%;1,10%;0,00%;0,00%;0,00%;0,00%;0,08%;0,00%;0,00%;1,60%;0,26%;1,58%;0,00%;0,00%;1,46%;0,00%;
19 - Sociedade de Arrendamento Mercantil;;;;;;;;;;;83.507;3.528.021;24.850.954;3.593.578;0;0;32.056.059;-27.990.644;-71.667;-2.833.819;0;-73.583;-30.969.714;1.086.346;7.232;2.816;-44.171;-118.778;-110.620;406.308;353.656;-199.978;296.465;1.382.810;-24.312;1.358.498;-361.362;-902;996.234;-136.894;
19 - Sociedade de Arrendamento Mercantil;;;;;;;;;;;0,03%;49,60%;10,33%;39,85%;0,00%;0,00%;5,81%;0,00%;0,00%;0,00%;0,00%;0,00%;0,00%;0,96%;0,02%;0,01%;0,00%;0,00%;0,00%;0,00%;0,27%;0,00%;0,00%;1,59%;-2,44%;1,55%;0,00%;0,00%;2,07%;0,00%;
21 - Sociedade Corretora de Câmbio;;;;;;;;;;;0;0;6.935;10.596;289.442;0;306.974;0;0;0;0;154;154;307.129;105.612;513;-112.766;-224.227;-23.524;784;7.641;-42.930;-288.898;18.231;-3.222;15.008;-11.802;-79;3.126;-1.467;
21 - Sociedade Corretora de Câmbio;;;;;;;;;;;0,00%;0,00%;0,00%;0,12%;1,90%;0,00%;0,06%;0,00%;0,00%;0,00%;0,00%;0,00%;0,00%;0,27%;0,27%;0,00%;0,00%;0,00%;0,00%;0,00%;0,01%;0,00%;0,00%;0,02%;-0,32%;0,02%;0,00%;0,00%;0,01%;0,00%;
25 - Associação de Poupança e Empréstimo;;;;;;;;;;;140.664;0;199.405;0;0;35.332;375.401;-205.250;0;0;0;-12.498;-217.748;157.653;0;2.769;-50.888;-22.869;-9.376;0;3.244;-15.283;-92.403;65.250;929;66.179;0;0;66.179;0;
25 - Associação de Poupança e Empréstimo;;;;;;;;;;;0,05%;0,00%;0,08%;0,00%;0,00%;0,17%;0,07%;0,00%;0,00%;0,00%;0,00%;0,00%;0,00%;0,14%;0,00%;0,01%;0,00%;0,00%;0,00%;0,00%;0,00%;0,00%;0,00%;0,08%;0,09%;0,08%;0,00%;0,00%;0,14%;0,00%;
28 - Banco Comercial Estrangeiro - Filial no país;;;;;;;;;;;18.475;0;496.597;-901.756;964;0;-385.720;-80.019;-58.823;0;-622.650;-25.474;-786.966;-1.172.686;55.515;18;-28.871;-26.578;-20.790;0;1.772.358;-353.802;1.397.849;225.164;2.138;227.301;-106.836;-850;119.616;0;
28 - Banco Comercial Estrangeiro - Filial no país;;;;;;;;;;;0,01%;0,00%;0,21%;-10,00%;0,01%;0,00%;-0,07%;0,00%;0,00%;0,00%;0,00%;0,00%;0,00%;-1,04%;0,14%;0,00%;0,00%;0,00%;0,00%;0,00%;1,33%;0,00%;0,00%;0,26%;0,21%;0,26%;0,00%;0,00%;0,25%;0,00%;
29 - Companhia Hipotecária;;;;;;;;;;;182.855;0;8.699;0;0;5.637;197.191;-128.090;-4.508;0;0;-69.740;-202.337;-5.146;7.132;389;-8.109;-52.400;-2.724;27;5.414;-3.511;-53.782;-58.928;-154;-59.082;19.266;-56;-39.872;0;
29 - Companhia Hipotecária;;;;;;;;;;;0,07%;0,00%;0,00%;0,00%;0,00%;0,03%;0,04%;0,00%;0,00%;0,00%;0,00%;0,00%;0,00%;0,00%;0,02%;0,00%;0,00%;0,00%;0,00%;0,00%;0,00%;0,00%;0,00%;-0,07%;-0,02%;-0,07%;0,00%;0,00%;-0,08%;0,00%;
30 - Agência de Fomento;;;;;;;;;;;382.238;0;208.724;-98;0;0;590.863;0;-116.609;0;0;-182.753;-299.362;291.501;44.860;4.927;-148.639;-65.678;-26.625;0;34.257;-38.717;-195.615;95.886;117;96.002;-33.542;-2.128;60.332;-71.307;
30 - Agência de Fomento;;;;;;;;;;;0,15%;0,00%;0,09%;0,00%;0,00%;0,00%;0,11%;0,00%;0,00%;0,00%;0,00%;0,00%;0,00%;0,26%;0,11%;0,02%;0,00%;0,00%;0,00%;0,00%;0,03%;0,00%;0,00%;0,11%;0,01%;0,11%;0,00%;0,00%;0,13%;0,00%;
31 - Sociedade de Crédito Imobiliário - Repassadora;;;;;;;;;;;36;0;1.780;0;0;124;1.940;0;0;0;0;-19;-19;1.921;948;0;-994;-2.526;-49;0;840;-169;-1.950;-29;691;661;-159;0;502;0;
31 - Sociedade de Crédito Imobiliário - Repassadora;;;;;;;;;;;0,00%;0,00%;0,00%;0,00%;0,00%;0,00%;0,00%;0,00%;0,00%;0,00%;0,00%;0,00%;0,00%;0,00%;0,00%;0,00%;0,00%;0,00%;0,00%;0,00%;0,00%;0,00%;0,00%;0,00%;0,07%;0,00%;0,00%;0,00%;0,00%;0,00%;
39 - Banco de Câmbio;;;;;;;;;;;0;0;5.909;-1.009;74.167;0;79.067;-36;-69;0;-290;0;-396;78.671;195;0;-12.629;-64.627;-6.517;0;81.332;-48.406;-50.653;28.019;206;28.225;-13.391;-1.864;12.969;0;
39 - Banco de Câmbio;;;;;;;;;;;0,00%;0,00%;0,00%;-0,01%;0,49%;0,00%;0,01%;0,00%;0,00%;0,00%;0,00%;0,00%;0,00%;0,07%;0,00%;0,00%;0,00%;0,00%;0,00%;0,00%;0,06%;0,00%;0,00%;0,03%;0,02%;0,03%;0,00%;0,00%;0,03%;0,00%;
